0.025107 6.000000
0.019424 18.000000
0.019240 13.000000
0.018301 37.000000
0.017234 8.000000
0.016707 11.000000
0.014418 2.000000
0.012485 5.000000
0.011905 91.000000
0.011499 3.000000
0.011465 24.000000
0.010210 39.000000
0.009841 109.000000
0.009662 7.000000
0.009481 20.000000
0.009460 14.000000
0.009418 28.000000
0.009389 9.000000
0.009373 27.000000
0.008992 30.000000
0.008294 49.000000
0.007849 17.000000
0.006600 36.000000
0.006592 65.000000
0.006435 84.000000
0.006409 19.000000
0.006391 4.000000
0.006316 87.000000
0.005872 31.000000
0.005795 224.000000
0.005707 52.000000
0.005578 106.000000
0.005525 314.000000
0.005371 112.000000
0.005361 133.000000
0.005358 116.000000
0.005289 72.000000
0.005207 71.000000
0.005112 61.000000
0.005092 191.000000
0.005052 160.000000
0.004927 163.000000
0.004909 0.000000
0.004811 414.000000
0.004722 32.000000
0.004632 363.000000
0.004603 164.000000
0.004451 135.000000
0.004451 162.000000
0.004386 29.000000
0.004357 22.000000
0.004351 51.000000
0.004264 151.000000
0.004250 25.000000
0.004245 45.000000
0.004167 58.000000
0.004007 15.000000
0.003937 62.000000
0.003921 67.000000
0.003857 43.000000
0.003848 88.000000
0.003822 108.000000
0.003699 90.000000
0.003661 59.000000
0.003496 23.000000
0.003495 459.000000
0.003373 56.000000
0.003303 105.000000
0.003298 141.000000
0.003248 180.000000
0.003201 321.000000
0.003134 155.000000
0.003131 38.000000
0.003127 53.000000
0.003119 276.000000
0.003060 34.000000
0.002967 66.000000
0.002942 42.000000
0.002920 377.000000
0.002914 77.000000
0.002889 130.000000
0.002877 16.000000
0.002822 93.000000
0.002780 97.000000
0.002765 57.000000
0.002721 193.000000
0.002688 74.000000
0.002661 296.000000
0.002564 495.000000
0.002560 10.000000
0.002546 161.000000
0.002407 310.000000
0.002388 99.000000
0.002366 172.000000
0.002355 288.000000
0.002350 266.000000
0.002343 1.000000
0.002316 85.000000
0.002293 343.000000
0.002228 81.000000
0.002216 82.000000
0.002187 174.000000
0.002131 60.000000
0.002124 158.000000
0.002101 291.000000
0.002077 41.000000
0.002064 153.000000
0.002056 47.000000
0.002022 44.000000
0.002006 513.000000
0.001971 126.000000
0.001963 104.000000
0.001960 711.000000
0.001942 123.000000
0.001859 788.000000
0.001853 442.000000
0.001839 159.000000
0.001839 101.000000
0.001793 102.000000
0.001775 89.000000
0.001765 76.000000
0.001756 118.000000
0.001735 446.000000
0.001722 243.000000
0.001686 323.000000
0.001673 365.000000
0.001655 139.000000
0.001654 33.000000
0.001652 127.000000
0.001641 307.000000
0.001633 206.000000
0.001622 286.000000
0.001619 781.000000
0.001599 40.000000
0.001595 175.000000
0.001587 238.000000
0.001573 169.000000
0.001563 140.000000
0.001544 230.000000
0.001532 429.000000
0.001530 188.000000
0.001529 762.000000
0.001516 211.000000
0.001510 223.000000
0.001505 254.000000
0.001500 688.000000
0.001477 812.000000
0.001466 480.000000
0.001460 79.000000
0.001444 222.000000
0.001443 356.000000
0.001415 448.000000
0.001415 137.000000
0.001413 185.000000
0.001387 119.000000
0.001320 360.000000
0.001304 336.000000
0.001284 358.000000
0.001277 26.000000
0.001274 415.000000
0.001271 120.000000
0.001252 319.000000
0.001252 94.000000
0.001244 332.000000
0.001232 397.000000
0.001205 520.000000
0.001193 132.000000
0.001186 263.000000
0.001177 301.000000
0.001171 195.000000
0.001168 400.000000
0.001158 401.000000
0.001146 252.000000
0.001143 54.000000
0.001114 50.000000
0.001110 192.000000
0.001109 242.000000
0.001104 334.000000
0.001100 246.000000
0.001088 325.000000
0.001086 290.000000
0.001085 361.000000
0.001065 70.000000
0.001058 124.000000
0.001058 35.000000
0.001055 170.000000
0.001041 166.000000
0.001036 63.000000
0.001032 229.000000
0.001029 512.000000
0.001028 340.000000
0.001018 95.000000
0.001017 306.000000
0.000986 449.000000
0.000981 157.000000
0.000974 80.000000
0.000961 103.000000
0.000952 190.000000
0.000951 73.000000
0.000917 411.000000
0.000912 973.000000
0.000907 149.000000
0.000894 378.000000
0.000892 251.000000
0.000891 215.000000
0.000885 147.000000
0.000884 774.000000
0.000871 798.000000
0.000868 639.000000
0.000861 171.000000
0.000848 21.000000
0.000847 598.000000
0.000838 561.000000
0.000838 131.000000
0.000834 202.000000
0.000832 997.000000
0.000832 750.000000
0.000820 136.000000
0.000819 796.000000
0.000817 344.000000
0.000816 522.000000
0.000812 626.000000
0.000807 834.000000
0.000787 134.000000
0.000786 633.000000
0.000784 255.000000
0.000783 258.000000
0.000781 295.000000
0.000778 214.000000
0.000776 579.000000
0.000775 111.000000
0.000773 78.000000
0.000764 265.000000
0.000762 357.000000
0.000757 267.000000
0.000754 352.000000
0.000752 302.000000
0.000752 494.000000
0.000751 189.000000
0.000750 671.000000
0.000748 181.000000
0.000748 110.000000
0.000747 508.000000
0.000744 892.000000
0.000744 122.000000
0.000742 476.000000
0.000742 231.000000
0.000732 568.000000
0.000725 804.000000
0.000725 578.000000
0.000721 218.000000
0.000715 434.000000
0.000715 348.000000
0.000714 455.000000
0.000712 641.000000
0.000708 679.000000
0.000705 374.000000
0.000700 129.000000
0.000699 182.000000
0.000697 368.000000
0.000695 666.000000
0.000690 64.000000
0.000690 418.000000
0.000690 473.000000
0.000688 279.000000
0.000683 114.000000
0.000683 827.000000
0.000682 146.000000
0.000681 138.000000
0.000680 408.000000
0.000680 551.000000
0.000673 48.000000
0.000672 117.000000
0.000667 661.000000
0.000666 395.000000
0.000660 460.000000
0.000660 721.000000
0.000659 560.000000
0.000658 387.000000
0.000657 203.000000
0.000654 833.000000
0.000654 142.000000
0.000650 364.000000
0.000647 521.000000
0.000641 303.000000
0.000641 201.000000
0.000639 83.000000
0.000637 526.000000
0.000626 518.000000
0.000626 55.000000
0.000622 443.000000
0.000622 794.000000
0.000618 627.000000
0.000617 417.000000
0.000614 200.000000
0.000611 503.000000
0.000610 350.000000
0.000603 183.000000
0.000599 278.000000
0.000593 500.000000
0.000588 46.000000
0.000587 187.000000
0.000587 420.000000
0.000583 96.000000
0.000583 371.000000
0.000582 481.000000
0.000573 148.000000
0.000568 498.000000
0.000568 292.000000
0.000567 529.000000
0.000564 760.000000
0.000564 602.000000
0.000563 198.000000
0.000557 790.000000
0.000557 664.000000
0.000556 511.000000
0.000556 756.000000
0.000554 524.000000
0.000554 757.000000
0.000553 485.000000
0.000552 268.000000
0.000552 100.000000
0.000551 196.000000
0.000549 394.000000
0.000548 328.000000
0.000546 617.000000
0.000545 832.000000
0.000543 717.000000
0.000542 525.000000
0.000542 866.000000
0.000540 272.000000
0.000537 556.000000
0.000536 612.000000
0.000533 575.000000
0.000529 107.000000
0.000529 75.000000
0.000527 895.000000
0.000527 718.000000
0.000527 125.000000
0.000520 284.000000
0.000519 682.000000
0.000518 234.000000
0.000517 372.000000
0.000517 595.000000
0.000514 274.000000
0.000512 173.000000
0.000512 530.000000
0.000511 373.000000
0.000511 208.000000
0.000508 113.000000
0.000504 779.000000
0.000501 1001.000000
0.000501 552.000000
0.000501 549.000000
0.000498 326.000000
0.000497 178.000000
0.000493 271.000000
0.000492 145.000000
0.000491 541.000000
0.000490 322.000000
0.000488 298.000000
0.000486 461.000000
0.000484 1030.000000
0.000484 759.000000
0.000484 204.000000
0.000483 421.000000
0.000482 488.000000
0.000481 233.000000
0.000481 297.000000
0.000479 468.000000
0.000474 514.000000
0.000469 800.000000
0.000465 557.000000
0.000462 329.000000
0.000462 700.000000
0.000456 69.000000
0.000456 980.000000
0.000455 281.000000
0.000454 186.000000
0.000454 687.000000
0.000451 660.000000
0.000448 388.000000
0.000445 723.000000
0.000445 922.000000
0.000444 497.000000
0.000444 179.000000
0.000440 482.000000
0.000439 836.000000
0.000437 324.000000
0.000437 331.000000
0.000434 709.000000
0.000432 645.000000
0.000431 734.000000
0.000430 235.000000
0.000426 994.000000
0.000426 270.000000
0.000424 232.000000
0.000422 490.000000
0.000421 867.000000
0.000420 857.000000
0.000420 425.000000
0.000420 618.000000
0.000418 592.000000
0.000418 264.000000
0.000418 706.000000
0.000417 876.000000
0.000416 248.000000
0.000415 469.000000
0.000414 845.000000
0.000411 539.000000
0.000408 731.000000
0.000408 1027.000000
0.000406 509.000000
0.000405 427.000000
0.000404 221.000000
0.000403 628.000000
0.000403 216.000000
0.000401 744.000000
0.000400 486.000000
0.000397 929.000000
0.000396 741.000000
0.000396 385.000000
0.000395 499.000000
0.000395 708.000000
0.000392 930.000000
0.000391 547.000000
0.000391 773.000000
0.000390 121.000000
0.000389 502.000000
0.000389 506.000000
0.000389 746.000000
0.000388 269.000000
0.000388 247.000000
0.000388 625.000000
0.000387 576.000000
0.000387 1004.000000
0.000387 886.000000
0.000386 381.000000
0.000383 479.000000
0.000381 337.000000
0.000379 883.000000
0.000379 282.000000
0.000378 209.000000
0.000375 312.000000
0.000375 426.000000
0.000373 380.000000
0.000372 466.000000
0.000371 893.000000
0.000368 165.000000
0.000368 289.000000
0.000366 144.000000
0.000366 458.000000
0.000363 940.000000
0.000361 355.000000
0.000361 710.000000
0.000361 906.000000
0.000361 887.000000
0.000361 335.000000
0.000360 635.000000
0.000359 542.000000
0.000358 517.000000
0.000358 803.000000
0.000355 416.000000
0.000354 608.000000
0.000354 581.000000
0.000353 795.000000
0.000353 686.000000
0.000352 656.000000
0.000352 871.000000
0.000351 631.000000
0.000351 975.000000
0.000350 308.000000
0.000349 464.000000
0.000348 309.000000
0.000348 413.000000
0.000348 330.000000
0.000347 967.000000
0.000346 714.000000
0.000346 375.000000
0.000346 655.000000
0.000346 683.000000
0.000345 896.000000
0.000344 423.000000
0.000344 638.000000
0.000343 537.000000
0.000343 604.000000
0.000343 370.000000
0.000343 1028.000000
0.000343 392.000000
0.000342 623.000000
0.000341 874.000000
0.000340 454.000000
0.000340 970.000000
0.000339 531.000000
0.000339 226.000000
0.000337 293.000000
0.000337 716.000000
0.000336 287.000000
0.000336 775.000000
0.000334 412.000000
0.000334 736.000000
0.000334 450.000000
0.000331 963.000000
0.000331 620.000000
0.000328 875.000000
0.000326 653.000000
0.000326 799.000000
0.000326 156.000000
0.000325 768.000000
0.000325 739.000000
0.000325 782.000000
0.000325 1032.000000
0.000324 704.000000
0.000324 399.000000
0.000323 341.000000
0.000322 673.000000
0.000322 684.000000
0.000322 543.000000
0.000321 447.000000
0.000321 496.000000
0.000321 444.000000
0.000321 889.000000
0.000320 359.000000
0.000320 873.000000
0.000320 719.000000
0.000319 379.000000
0.000319 390.000000
0.000319 822.000000
0.000318 884.000000
0.000317 999.000000
0.000315 184.000000
0.000314 227.000000
0.000314 484.000000
0.000314 870.000000
0.000313 1014.000000
0.000313 241.000000
0.000311 933.000000
0.000311 453.000000
0.000311 675.000000
0.000310 152.000000
0.000309 220.000000
0.000309 597.000000
0.000308 740.000000
0.000307 690.000000
0.000307 143.000000
0.000307 536.000000
0.000306 237.000000
0.000305 985.000000
0.000305 320.000000
0.000305 199.000000
0.000304 367.000000
0.000303 440.000000
0.000302 644.000000
0.000300 245.000000
0.000299 435.000000
0.000298 424.000000
0.000298 313.000000
0.000297 694.000000
0.000297 1044.000000
0.000296 777.000000
0.000295 880.000000
0.000294 236.000000
0.000294 629.000000
0.000293 702.000000
0.000293 965.000000
0.000293 540.000000
0.000292 285.000000
0.000291 487.000000
0.000291 697.000000
0.000291 580.000000
0.000291 389.000000
0.000290 168.000000
0.000290 528.000000
0.000290 908.000000
0.000289 566.000000
0.000289 213.000000
0.000286 428.000000
0.000285 519.000000
0.000285 376.000000
0.000284 225.000000
0.000284 899.000000
0.000284 261.000000
0.000283 68.000000
0.000283 802.000000
0.000283 713.000000
0.000282 573.000000
0.000282 219.000000
0.000282 207.000000
0.000281 470.000000
0.000280 403.000000
0.000280 603.000000
0.000280 724.000000
0.000280 815.000000
0.000279 765.000000
0.000279 383.000000
0.000279 437.000000
0.000278 699.000000
0.000276 369.000000
0.000276 115.000000
0.000276 409.000000
0.000276 606.000000
0.000276 613.000000
0.000275 438.000000
0.000274 257.000000
0.000273 456.000000
0.000273 844.000000
0.000272 797.000000
0.000272 813.000000
0.000272 931.000000
0.000271 1043.000000
0.000271 304.000000
0.000271 976.000000
0.000271 128.000000
0.000270 546.000000
0.000270 366.000000
0.000269 391.000000
0.000268 317.000000
0.000267 472.000000
0.000267 244.000000
0.000266 817.000000
0.000266 433.000000
0.000265 523.000000
0.000265 649.000000
0.000264 783.000000
0.000263 86.000000
0.000263 305.000000
0.000260 918.000000
0.000259 665.000000
0.000259 872.000000
0.000259 386.000000
0.000258 92.000000
0.000258 553.000000
0.000257 590.000000
0.000257 758.000000
0.000256 300.000000
0.000255 346.000000
0.000255 571.000000
0.000254 492.000000
0.000254 471.000000
0.000253 493.000000
0.000253 663.000000
0.000253 419.000000
0.000252 662.000000
0.000252 262.000000
0.000252 733.000000
0.000252 154.000000
0.000250 632.000000
0.000250 294.000000
0.000249 752.000000
0.000249 642.000000
0.000249 353.000000
0.000249 217.000000
0.000249 919.000000
0.000247 349.000000
0.000247 830.000000
0.000246 730.000000
0.000245 674.000000
0.000244 921.000000
0.000244 793.000000
0.000243 176.000000
0.000242 806.000000
0.000242 505.000000
0.000242 601.000000
0.000241 354.000000
0.000240 436.000000
0.000240 253.000000
0.000239 465.000000
0.000239 345.000000
0.000238 565.000000
0.000238 808.000000
0.000237 732.000000
0.000237 689.000000
0.000237 559.000000
0.000236 501.000000
0.000236 814.000000
0.000236 457.000000
0.000236 544.000000
0.000235 767.000000
0.000234 753.000000
0.000233 888.000000
0.000232 692.000000
0.000232 439.000000
0.000231 990.000000
0.000229 510.000000
0.000227 670.000000
0.000227 696.000000
0.000226 570.000000
0.000226 406.000000
0.000226 405.000000
0.000225 805.000000
0.000224 957.000000
0.000223 462.000000
0.000221 943.000000
0.000220 853.000000
0.000220 698.000000
0.000219 256.000000
0.000218 1000.000000
0.000217 672.000000
0.000217 860.000000
0.000217 273.000000
0.000217 828.000000
0.000216 624.000000
0.000216 277.000000
0.000216 816.000000
0.000216 947.000000
0.000216 621.000000
0.000215 941.000000
0.000214 810.000000
0.000214 339.000000
0.000210 677.000000
0.000209 654.000000
0.000209 564.000000
0.000208 658.000000
0.000207 786.000000
0.000207 972.000000
0.000206 680.000000
0.000205 558.000000
0.000205 958.000000
0.000205 885.000000
0.000204 989.000000
0.000203 634.000000
0.000203 12.000000
0.000203 831.000000
0.000203 738.000000
0.000202 311.000000
0.000202 755.000000
0.000202 636.000000
0.000202 651.000000
0.000201 791.000000
0.000200 431.000000
0.000200 924.000000
0.000199 821.000000
0.000199 1020.000000
0.000199 150.000000
0.000198 851.000000
0.000198 707.000000
0.000197 722.000000
0.000197 583.000000
0.000197 748.000000
0.000196 228.000000
0.000196 964.000000
0.000196 259.000000
0.000195 532.000000
0.000195 727.000000
0.000194 695.000000
0.000193 577.000000
0.000193 477.000000
0.000192 801.000000
0.000192 839.000000
0.000192 586.000000
0.000191 316.000000
0.000191 754.000000
0.000190 239.000000
0.000190 515.000000
0.000189 1006.000000
0.000188 928.000000
0.000187 249.000000
0.000187 811.000000
0.000186 240.000000
0.000186 607.000000
0.000186 983.000000
0.000186 422.000000
0.000185 950.000000
0.000184 864.000000
0.000184 445.000000
0.000183 917.000000
0.000183 548.000000
0.000181 701.000000
0.000181 905.000000
0.000181 351.000000
0.000180 205.000000
0.000180 907.000000
0.000179 819.000000
0.000178 909.000000
0.000178 745.000000
0.000177 545.000000
0.000177 962.000000
0.000177 749.000000
0.000176 467.000000
0.000175 569.000000
0.000175 763.000000
0.000175 167.000000
0.000174 820.000000
0.000173 934.000000
0.000173 926.000000
0.000172 177.000000
0.000172 705.000000
0.000172 979.000000
0.000171 835.000000
0.000171 538.000000
0.000171 441.000000
0.000171 1021.000000
0.000170 751.000000
0.000170 818.000000
0.000170 504.000000
0.000169 927.000000
0.000169 840.000000
0.000169 516.000000
0.000169 555.000000
0.000168 691.000000
0.000168 327.000000
0.000168 824.000000
0.000167 726.000000
0.000167 742.000000
0.000167 681.000000
0.000167 693.000000
0.000167 747.000000
0.000166 283.000000
0.000166 260.000000
0.000166 911.000000
0.000166 430.000000
0.000165 843.000000
0.000165 862.000000
0.000164 879.000000
0.000164 338.000000
0.000163 668.000000
0.000163 956.000000
0.000162 410.000000
0.000162 362.000000
0.000162 250.000000
0.000161 878.000000
0.000161 585.000000
0.000161 407.000000
0.000160 669.000000
0.000159 630.000000
0.000159 809.000000
0.000159 837.000000
0.000158 533.000000
0.000158 913.000000
0.000157 333.000000
0.000156 981.000000
0.000156 787.000000
0.000156 210.000000
0.000155 554.000000
0.000155 299.000000
0.000155 935.000000
0.000154 398.000000
0.000152 507.000000
0.000152 712.000000
0.000152 838.000000
0.000151 550.000000
0.000151 725.000000
0.000151 1012.000000
0.000151 1026.000000
0.000151 452.000000
0.000150 910.000000
0.000150 945.000000
0.000149 914.000000
0.000149 562.000000
0.000149 978.000000
0.000149 764.000000
0.000149 593.000000
0.000148 605.000000
0.000148 1051.000000
0.000147 599.000000
0.000147 615.000000
0.000147 792.000000
0.000147 868.000000
0.000147 936.000000
0.000147 491.000000
0.000146 657.000000
0.000145 903.000000
0.000145 609.000000
0.000145 1016.000000
0.000144 347.000000
0.000144 622.000000
0.000144 648.000000
0.000143 859.000000
0.000142 404.000000
0.000142 715.000000
0.000142 643.000000
0.000142 826.000000
0.000142 858.000000
0.000142 951.000000
0.000142 969.000000
0.000142 720.000000
0.000142 847.000000
0.000140 995.000000
0.000140 591.000000
0.000139 920.000000
0.000138 275.000000
0.000137 897.000000
0.000136 848.000000
0.000134 1005.000000
0.000134 402.000000
0.000134 966.000000
0.000133 789.000000
0.000133 318.000000
0.000133 823.000000
0.000133 589.000000
0.000130 527.000000
0.000129 1040.000000
0.000129 784.000000
0.000128 535.000000
0.000128 865.000000
0.000127 912.000000
0.000127 890.000000
0.000127 735.000000
0.000126 939.000000
0.000126 807.000000
0.000126 640.000000
0.000126 197.000000
0.000125 850.000000
0.000125 574.000000
0.000124 483.000000
0.000124 1011.000000
0.000124 894.000000
0.000124 1017.000000
0.000123 743.000000
0.000122 587.000000
0.000122 600.000000
0.000122 667.000000
0.000119 771.000000
0.000118 900.000000
0.000117 572.000000
0.000117 646.000000
0.000116 902.000000
0.000116 396.000000
0.000116 986.000000
0.000115 588.000000
0.000115 563.000000
0.000115 1046.000000
0.000114 342.000000
0.000114 825.000000
0.000113 729.000000
0.000113 770.000000
0.000113 703.000000
0.000112 1045.000000
0.000112 974.000000
0.000112 650.000000
0.000112 881.000000
0.000111 977.000000
0.000111 916.000000
0.000111 212.000000
0.000110 659.000000
0.000110 776.000000
0.000110 489.000000
0.000110 946.000000
0.000109 611.000000
0.000109 842.000000
0.000109 996.000000
0.000108 852.000000
0.000107 846.000000
0.000107 988.000000
0.000106 849.000000
0.000106 1003.000000
0.000106 676.000000
0.000106 942.000000
0.000105 991.000000
0.000104 1010.000000
0.000104 1038.000000
0.000102 737.000000
0.000101 475.000000
0.000100 474.000000
0.000097 891.000000
0.000097 901.000000
0.000097 596.000000
0.000095 534.000000
0.000095 856.000000
0.000094 984.000000
0.000093 898.000000
0.000092 785.000000
0.000092 384.000000
0.000092 960.000000
0.000091 869.000000
0.000090 925.000000
0.000090 1023.000000
0.000089 954.000000
0.000086 953.000000
0.000085 993.000000
0.000085 478.000000
0.000085 780.000000
0.000085 463.000000
0.000085 280.000000
0.000083 949.000000
0.000081 1042.000000
0.000081 987.000000
0.000080 1024.000000
0.000080 877.000000
0.000078 432.000000
0.000078 582.000000
0.000077 861.000000
0.000077 778.000000
0.000077 952.000000
0.000076 584.000000
0.000076 855.000000
0.000075 1035.000000
0.000075 382.000000
0.000075 1049.000000
0.000074 841.000000
0.000074 948.000000
0.000074 992.000000
0.000074 315.000000
0.000072 1034.000000
0.000068 1039.000000
0.000068 728.000000
0.000066 854.000000
0.000064 904.000000
0.000064 594.000000
0.000061 1050.000000
0.000061 998.000000
0.000060 1037.000000
0.000060 1015.000000
0.000059 1019.000000
0.000059 971.000000
0.000059 882.000000
0.000058 769.000000
0.000058 567.000000
0.000058 968.000000
0.000057 1025.000000
0.000057 1036.000000
0.000056 610.000000
0.000054 619.000000
0.000053 829.000000
0.000053 961.000000
0.000052 1031.000000
0.000051 1022.000000
0.000051 678.000000
0.000051 616.000000
0.000051 685.000000
0.000051 652.000000
0.000050 451.000000
0.000049 932.000000
0.000047 637.000000
0.000047 938.000000
0.000046 1008.000000
0.000045 772.000000
0.000044 923.000000
0.000042 761.000000
0.000042 955.000000
0.000041 937.000000
0.000039 915.000000
0.000037 393.000000
0.000036 766.000000
0.000035 1002.000000
0.000034 1041.000000
0.000033 1033.000000
0.000031 863.000000
0.000028 647.000000
0.000027 1029.000000
0.000027 1047.000000
0.000025 1009.000000
0.000025 1018.000000
0.000025 982.000000
0.000022 1007.000000
0.000021 614.000000
0.000016 1013.000000
0.000015 98.000000
0.000006 194.000000
0.000005 944.000000
0.000004 959.000000
0.000000 1048.000000
