0.025526 6.000000
0.019475 13.000000
0.019394 18.000000
0.018290 37.000000
0.016986 8.000000
0.016570 11.000000
0.014557 2.000000
0.012466 5.000000
0.011911 91.000000
0.011517 3.000000
0.011437 24.000000
0.010136 39.000000
0.009879 109.000000
0.009687 7.000000
0.009525 14.000000
0.009375 27.000000
0.009363 28.000000
0.009351 9.000000
0.009311 20.000000
0.008997 30.000000
0.008358 49.000000
0.008002 17.000000
0.006585 36.000000
0.006563 65.000000
0.006486 19.000000
0.006472 4.000000
0.006407 84.000000
0.006026 87.000000
0.005868 31.000000
0.005783 224.000000
0.005687 52.000000
0.005623 314.000000
0.005501 106.000000
0.005371 112.000000
0.005351 116.000000
0.005335 133.000000
0.005202 71.000000
0.005149 72.000000
0.005082 191.000000
0.005075 61.000000
0.005047 160.000000
0.004977 163.000000
0.004879 0.000000
0.004788 414.000000
0.004773 32.000000
0.004678 363.000000
0.004624 135.000000
0.004606 164.000000
0.004474 162.000000
0.004448 51.000000
0.004417 29.000000
0.004315 22.000000
0.004239 25.000000
0.004174 45.000000
0.004142 58.000000
0.004048 15.000000
0.004017 151.000000
0.003946 62.000000
0.003885 67.000000
0.003884 43.000000
0.003876 88.000000
0.003818 108.000000
0.003688 90.000000
0.003646 59.000000
0.003552 23.000000
0.003519 459.000000
0.003362 105.000000
0.003313 56.000000
0.003307 141.000000
0.003199 180.000000
0.003159 38.000000
0.003143 155.000000
0.003136 53.000000
0.003135 321.000000
0.003116 276.000000
0.003059 34.000000
0.002909 77.000000
0.002901 66.000000
0.002889 42.000000
0.002878 377.000000
0.002876 130.000000
0.002872 16.000000
0.002811 93.000000
0.002719 193.000000
0.002714 57.000000
0.002684 74.000000
0.002683 97.000000
0.002658 296.000000
0.002653 10.000000
0.002544 495.000000
0.002511 161.000000
0.002470 99.000000
0.002404 310.000000
0.002362 343.000000
0.002360 172.000000
0.002355 288.000000
0.002335 266.000000
0.002331 1.000000
0.002310 85.000000
0.002210 82.000000
0.002202 81.000000
0.002156 60.000000
0.002129 158.000000
0.002111 291.000000
0.002083 174.000000
0.002072 513.000000
0.002054 47.000000
0.002049 153.000000
0.002046 41.000000
0.002010 44.000000
0.001979 711.000000
0.001968 126.000000
0.001966 104.000000
0.001961 123.000000
0.001870 442.000000
0.001858 101.000000
0.001843 102.000000
0.001840 159.000000
0.001831 788.000000
0.001824 446.000000
0.001778 89.000000
0.001763 76.000000
0.001738 118.000000
0.001716 243.000000
0.001702 323.000000
0.001672 365.000000
0.001660 33.000000
0.001655 139.000000
0.001652 206.000000
0.001634 127.000000
0.001633 307.000000
0.001614 286.000000
0.001607 238.000000
0.001606 40.000000
0.001581 175.000000
0.001577 169.000000
0.001567 781.000000
0.001557 230.000000
0.001556 140.000000
0.001529 188.000000
0.001527 762.000000
0.001509 223.000000
0.001509 254.000000
0.001509 688.000000
0.001487 429.000000
0.001469 211.000000
0.001462 812.000000
0.001460 480.000000
0.001453 79.000000
0.001441 356.000000
0.001435 222.000000
0.001411 185.000000
0.001399 119.000000
0.001386 448.000000
0.001374 137.000000
0.001311 360.000000
0.001310 26.000000
0.001291 336.000000
0.001283 358.000000
0.001270 120.000000
0.001256 415.000000
0.001242 332.000000
0.001239 94.000000
0.001226 319.000000
0.001207 520.000000
0.001203 397.000000
0.001178 263.000000
0.001176 195.000000
0.001173 301.000000
0.001172 54.000000
0.001167 132.000000
0.001162 401.000000
0.001157 252.000000
0.001152 400.000000
0.001119 50.000000
0.001114 192.000000
0.001109 242.000000
0.001105 246.000000
0.001103 334.000000
0.001082 290.000000
0.001079 361.000000
0.001074 325.000000
0.001069 70.000000
0.001067 170.000000
0.001056 124.000000
0.001051 35.000000
0.001039 166.000000
0.001032 63.000000
0.001029 306.000000
0.001024 340.000000
0.001014 229.000000
0.000992 512.000000
0.000983 95.000000
0.000980 157.000000
0.000976 449.000000
0.000971 80.000000
0.000968 103.000000
0.000964 73.000000
0.000954 190.000000
0.000900 149.000000
0.000898 973.000000
0.000894 147.000000
0.000894 215.000000
0.000891 251.000000
0.000890 378.000000
0.000887 411.000000
0.000884 774.000000
0.000881 798.000000
0.000860 639.000000
0.000842 21.000000
0.000838 171.000000
0.000837 796.000000
0.000834 598.000000
0.000832 561.000000
0.000831 202.000000
0.000825 997.000000
0.000824 131.000000
0.000820 522.000000
0.000817 626.000000
0.000815 344.000000
0.000803 111.000000
0.000802 136.000000
0.000802 750.000000
0.000800 834.000000
0.000795 134.000000
0.000793 78.000000
0.000791 214.000000
0.000787 295.000000
0.000782 671.000000
0.000781 579.000000
0.000780 258.000000
0.000778 255.000000
0.000765 265.000000
0.000760 302.000000
0.000759 267.000000
0.000756 494.000000
0.000754 357.000000
0.000753 189.000000
0.000753 352.000000
0.000749 508.000000
0.000748 476.000000
0.000748 110.000000
0.000747 181.000000
0.000746 368.000000
0.000746 122.000000
0.000741 231.000000
0.000741 633.000000
0.000737 804.000000
0.000732 218.000000
0.000732 892.000000
0.000729 679.000000
0.000725 568.000000
0.000724 578.000000
0.000720 641.000000
0.000719 348.000000
0.000716 434.000000
0.000713 182.000000
0.000712 374.000000
0.000707 666.000000
0.000705 455.000000
0.000703 129.000000
0.000700 279.000000
0.000691 418.000000
0.000689 64.000000
0.000688 138.000000
0.000686 551.000000
0.000685 473.000000
0.000682 117.000000
0.000681 146.000000
0.000680 408.000000
0.000678 521.000000
0.000671 721.000000
0.000669 833.000000
0.000665 661.000000
0.000664 203.000000
0.000664 560.000000
0.000662 395.000000
0.000660 114.000000
0.000658 460.000000
0.000658 387.000000
0.000655 48.000000
0.000653 142.000000
0.000648 364.000000
0.000644 201.000000
0.000643 303.000000
0.000641 794.000000
0.000639 83.000000
0.000639 526.000000
0.000631 443.000000
0.000631 55.000000
0.000626 518.000000
0.000624 827.000000
0.000621 627.000000
0.000620 200.000000
0.000612 183.000000
0.000611 417.000000
0.000611 503.000000
0.000609 420.000000
0.000609 350.000000
0.000603 500.000000
0.000599 278.000000
0.000596 187.000000
0.000586 757.000000
0.000583 96.000000
0.000582 46.000000
0.000579 371.000000
0.000576 481.000000
0.000575 148.000000
0.000574 790.000000
0.000573 664.000000
0.000571 292.000000
0.000570 198.000000
0.000569 760.000000
0.000566 602.000000
0.000563 498.000000
0.000562 100.000000
0.000561 529.000000
0.000561 524.000000
0.000560 756.000000
0.000559 511.000000
0.000552 268.000000
0.000552 394.000000
0.000549 196.000000
0.000549 617.000000
0.000548 485.000000
0.000546 530.000000
0.000544 717.000000
0.000544 328.000000
0.000543 866.000000
0.000543 525.000000
0.000542 612.000000
0.000540 272.000000
0.000540 832.000000
0.000537 556.000000
0.000537 75.000000
0.000536 107.000000
0.000534 895.000000
0.000534 575.000000
0.000527 125.000000
0.000523 718.000000
0.000520 373.000000
0.000519 284.000000
0.000517 234.000000
0.000515 372.000000
0.000514 208.000000
0.000512 173.000000
0.000511 682.000000
0.000511 549.000000
0.000510 274.000000
0.000510 595.000000
0.000508 113.000000
0.000505 779.000000
0.000502 298.000000
0.000498 541.000000
0.000497 178.000000
0.000496 326.000000
0.000495 145.000000
0.000491 271.000000
0.000490 552.000000
0.000488 461.000000
0.000485 488.000000
0.000485 322.000000
0.000484 204.000000
0.000484 759.000000
0.000483 233.000000
0.000482 421.000000
0.000481 297.000000
0.000479 800.000000
0.000478 1030.000000
0.000477 1001.000000
0.000477 514.000000
0.000475 687.000000
0.000474 468.000000
0.000473 69.000000
0.000466 922.000000
0.000466 557.000000
0.000462 329.000000
0.000462 700.000000
0.000454 281.000000
0.000452 980.000000
0.000452 186.000000
0.000452 179.000000
0.000449 660.000000
0.000449 723.000000
0.000447 388.000000
0.000447 497.000000
0.000446 482.000000
0.000441 645.000000
0.000439 836.000000
0.000439 331.000000
0.000438 324.000000
0.000438 235.000000
0.000435 709.000000
0.000428 734.000000
0.000427 264.000000
0.000425 592.000000
0.000425 270.000000
0.000423 618.000000
0.000422 232.000000
0.000422 857.000000
0.000421 744.000000
0.000421 994.000000
0.000421 490.000000
0.000421 425.000000
0.000421 867.000000
0.000419 385.000000
0.000415 469.000000
0.000415 706.000000
0.000414 845.000000
0.000414 248.000000
0.000410 876.000000
0.000409 539.000000
0.000408 1027.000000
0.000407 731.000000
0.000407 930.000000
0.000406 509.000000
0.000405 221.000000
0.000404 741.000000
0.000403 427.000000
0.000402 216.000000
0.000401 628.000000
0.000400 486.000000
0.000399 499.000000
0.000393 708.000000
0.000393 121.000000
0.000392 337.000000
0.000392 773.000000
0.000391 547.000000
0.000391 929.000000
0.000391 247.000000
0.000390 506.000000
0.000389 746.000000
0.000389 576.000000
0.000388 502.000000
0.000386 625.000000
0.000386 479.000000
0.000386 269.000000
0.000386 1004.000000
0.000384 381.000000
0.000384 886.000000
0.000381 209.000000
0.000379 282.000000
0.000375 883.000000
0.000375 466.000000
0.000375 380.000000
0.000375 426.000000
0.000374 312.000000
0.000372 355.000000
0.000370 165.000000
0.000367 893.000000
0.000366 335.000000
0.000366 887.000000
0.000366 144.000000
0.000365 289.000000
0.000365 458.000000
0.000365 940.000000
0.000362 308.000000
0.000361 906.000000
0.000361 710.000000
0.000358 635.000000
0.000356 542.000000
0.000356 871.000000
0.000356 608.000000
0.000354 686.000000
0.000354 803.000000
0.000353 416.000000
0.000353 581.000000
0.000353 714.000000
0.000353 370.000000
0.000352 656.000000
0.000351 464.000000
0.000350 795.000000
0.000348 683.000000
0.000348 413.000000
0.000348 604.000000
0.000348 967.000000
0.000347 896.000000
0.000347 330.000000
0.000347 631.000000
0.000346 309.000000
0.000345 537.000000
0.000344 375.000000
0.000343 392.000000
0.000343 423.000000
0.000342 970.000000
0.000342 739.000000
0.000342 454.000000
0.000341 782.000000
0.000341 638.000000
0.000340 226.000000
0.000340 1028.000000
0.000340 655.000000
0.000340 531.000000
0.000340 517.000000
0.000340 496.000000
0.000337 293.000000
0.000337 623.000000
0.000337 736.000000
0.000335 716.000000
0.000334 768.000000
0.000334 287.000000
0.000334 412.000000
0.000332 620.000000
0.000332 875.000000
0.000332 975.000000
0.000331 963.000000
0.000330 1032.000000
0.000328 450.000000
0.000328 156.000000
0.000326 653.000000
0.000325 799.000000
0.000323 775.000000
0.000323 704.000000
0.000323 874.000000
0.000323 399.000000
0.000322 359.000000
0.000322 447.000000
0.000322 684.000000
0.000321 543.000000
0.000321 673.000000
0.000321 379.000000
0.000321 341.000000
0.000321 822.000000
0.000321 719.000000
0.000320 873.000000
0.000320 390.000000
0.000319 889.000000
0.000319 884.000000
0.000318 444.000000
0.000317 999.000000
0.000317 870.000000
0.000314 227.000000
0.000313 184.000000
0.000313 241.000000
0.000313 484.000000
0.000312 597.000000
0.000312 453.000000
0.000311 933.000000
0.000311 675.000000
0.000310 440.000000
0.000309 694.000000
0.000308 740.000000
0.000308 536.000000
0.000307 143.000000
0.000307 220.000000
0.000306 152.000000
0.000305 690.000000
0.000305 320.000000
0.000304 237.000000
0.000304 367.000000
0.000304 199.000000
0.000303 1014.000000
0.000301 644.000000
0.000301 435.000000
0.000300 245.000000
0.000300 424.000000
0.000298 985.000000
0.000298 313.000000
0.000296 777.000000
0.000296 697.000000
0.000294 880.000000
0.000294 629.000000
0.000294 965.000000
0.000293 540.000000
0.000292 285.000000
0.000292 236.000000
0.000291 702.000000
0.000291 1044.000000
0.000291 487.000000
0.000291 580.000000
0.000291 168.000000
0.000291 389.000000
0.000289 213.000000
0.000289 528.000000
0.000289 908.000000
0.000289 225.000000
0.000288 261.000000
0.000288 566.000000
0.000287 207.000000
0.000286 428.000000
0.000285 519.000000
0.000285 376.000000
0.000283 813.000000
0.000283 802.000000
0.000283 899.000000
0.000282 573.000000
0.000282 68.000000
0.000282 219.000000
0.000282 470.000000
0.000281 699.000000
0.000281 403.000000
0.000280 603.000000
0.000280 713.000000
0.000280 815.000000
0.000280 724.000000
0.000280 383.000000
0.000279 437.000000
0.000278 115.000000
0.000277 765.000000
0.000277 409.000000
0.000276 606.000000
0.000276 613.000000
0.000275 438.000000
0.000275 456.000000
0.000275 797.000000
0.000274 1043.000000
0.000274 369.000000
0.000274 257.000000
0.000273 366.000000
0.000273 304.000000
0.000273 931.000000
0.000273 844.000000
0.000270 128.000000
0.000270 976.000000
0.000269 317.000000
0.000269 546.000000
0.000268 244.000000
0.000268 391.000000
0.000268 649.000000
0.000266 472.000000
0.000266 817.000000
0.000266 433.000000
0.000266 523.000000
0.000265 553.000000
0.000264 783.000000
0.000264 86.000000
0.000264 305.000000
0.000262 590.000000
0.000260 872.000000
0.000259 665.000000
0.000258 386.000000
0.000258 918.000000
0.000257 92.000000
0.000257 758.000000
0.000257 349.000000
0.000256 471.000000
0.000255 300.000000
0.000255 346.000000
0.000254 154.000000
0.000254 492.000000
0.000253 493.000000
0.000253 662.000000
0.000253 419.000000
0.000252 733.000000
0.000252 571.000000
0.000252 663.000000
0.000252 262.000000
0.000252 632.000000
0.000250 294.000000
0.000250 806.000000
0.000249 752.000000
0.000249 353.000000
0.000248 830.000000
0.000248 642.000000
0.000248 919.000000
0.000248 217.000000
0.000247 730.000000
0.000246 674.000000
0.000244 921.000000
0.000243 176.000000
0.000243 436.000000
0.000242 505.000000
0.000242 601.000000
0.000241 793.000000
0.000240 565.000000
0.000240 354.000000
0.000240 457.000000
0.000240 808.000000
0.000239 253.000000
0.000239 465.000000
0.000238 345.000000
0.000238 501.000000
0.000237 814.000000
0.000237 689.000000
0.000237 732.000000
0.000236 559.000000
0.000234 888.000000
0.000232 753.000000
0.000232 692.000000
0.000232 990.000000
0.000231 439.000000
0.000229 510.000000
0.000228 544.000000
0.000228 406.000000
0.000226 405.000000
0.000226 570.000000
0.000226 767.000000
0.000225 696.000000
0.000225 957.000000
0.000224 805.000000
0.000224 462.000000
0.000222 256.000000
0.000221 698.000000
0.000220 853.000000
0.000219 943.000000
0.000219 947.000000
0.000217 1000.000000
0.000217 941.000000
0.000216 277.000000
0.000216 621.000000
0.000216 273.000000
0.000216 816.000000
0.000216 828.000000
0.000215 670.000000
0.000215 860.000000
0.000214 624.000000
0.000211 810.000000
0.000210 672.000000
0.000210 677.000000
0.000209 564.000000
0.000208 658.000000
0.000208 654.000000
0.000207 680.000000
0.000205 558.000000
0.000205 885.000000
0.000205 786.000000
0.000205 989.000000
0.000204 738.000000
0.000203 958.000000
0.000203 12.000000
0.000203 339.000000
0.000203 831.000000
0.000203 634.000000
0.000203 431.000000
0.000203 1020.000000
0.000202 636.000000
0.000202 311.000000
0.000202 755.000000
0.000202 651.000000
0.000201 791.000000
0.000200 924.000000
0.000199 972.000000
0.000199 821.000000
0.000199 150.000000
0.000198 748.000000
0.000198 707.000000
0.000198 851.000000
0.000197 722.000000
0.000197 228.000000
0.000196 964.000000
0.000196 583.000000
0.000195 727.000000
0.000194 532.000000
0.000194 259.000000
0.000193 801.000000
0.000193 839.000000
0.000193 477.000000
0.000192 577.000000
0.000192 586.000000
0.000192 695.000000
0.000191 754.000000
0.000191 316.000000
0.000191 909.000000
0.000190 515.000000
0.000190 1006.000000
0.000189 239.000000
0.000188 249.000000
0.000187 811.000000
0.000187 928.000000
0.000187 422.000000
0.000186 607.000000
0.000186 240.000000
0.000185 983.000000
0.000185 864.000000
0.000185 950.000000
0.000184 917.000000
0.000184 548.000000
0.000183 445.000000
0.000182 205.000000
0.000181 701.000000
0.000181 905.000000
0.000181 907.000000
0.000180 835.000000
0.000180 538.000000
0.000180 819.000000
0.000177 962.000000
0.000177 749.000000
0.000177 545.000000
0.000177 745.000000
0.000176 467.000000
0.000176 351.000000
0.000175 441.000000
0.000175 763.000000
0.000175 569.000000
0.000175 167.000000
0.000175 934.000000
0.000174 820.000000
0.000174 843.000000
0.000174 926.000000
0.000174 751.000000
0.000172 177.000000
0.000170 840.000000
0.000169 1021.000000
0.000169 910.000000
0.000169 705.000000
0.000169 516.000000
0.000169 927.000000
0.000168 555.000000
0.000168 818.000000
0.000168 1012.000000
0.000168 747.000000
0.000168 504.000000
0.000168 824.000000
0.000168 726.000000
0.000167 327.000000
0.000167 742.000000
0.000167 681.000000
0.000166 693.000000
0.000166 911.000000
0.000166 691.000000
0.000166 430.000000
0.000164 260.000000
0.000164 956.000000
0.000164 669.000000
0.000164 879.000000
0.000163 283.000000
0.000162 338.000000
0.000162 410.000000
0.000162 407.000000
0.000162 668.000000
0.000162 585.000000
0.000162 362.000000
0.000161 878.000000
0.000161 862.000000
0.000160 250.000000
0.000160 630.000000
0.000159 837.000000
0.000159 809.000000
0.000158 533.000000
0.000158 913.000000
0.000157 333.000000
0.000157 787.000000
0.000156 981.000000
0.000156 210.000000
0.000155 935.000000
0.000155 593.000000
0.000154 554.000000
0.000154 299.000000
0.000153 979.000000
0.000153 398.000000
0.000152 507.000000
0.000152 725.000000
0.000152 712.000000
0.000151 562.000000
0.000150 605.000000
0.000150 945.000000
0.000150 1051.000000
0.000149 914.000000
0.000149 550.000000
0.000148 657.000000
0.000148 452.000000
0.000148 1016.000000
0.000148 591.000000
0.000147 599.000000
0.000147 936.000000
0.000147 792.000000
0.000147 764.000000
0.000147 868.000000
0.000147 615.000000
0.000146 609.000000
0.000146 838.000000
0.000145 920.000000
0.000145 826.000000
0.000145 491.000000
0.000144 622.000000
0.000144 347.000000
0.000144 648.000000
0.000144 1026.000000
0.000143 404.000000
0.000142 643.000000
0.000142 847.000000
0.000141 720.000000
0.000141 951.000000
0.000141 969.000000
0.000141 903.000000
0.000141 978.000000
0.000141 858.000000
0.000140 859.000000
0.000140 715.000000
0.000139 995.000000
0.000138 275.000000
0.000138 848.000000
0.000136 897.000000
0.000135 1005.000000
0.000134 402.000000
0.000133 789.000000
0.000133 318.000000
0.000133 823.000000
0.000132 966.000000
0.000132 589.000000
0.000131 527.000000
0.000130 1040.000000
0.000129 784.000000
0.000128 865.000000
0.000127 890.000000
0.000127 912.000000
0.000127 850.000000
0.000127 735.000000
0.000126 535.000000
0.000126 640.000000
0.000125 1011.000000
0.000125 939.000000
0.000125 483.000000
0.000125 807.000000
0.000125 197.000000
0.000124 894.000000
0.000124 574.000000
0.000123 743.000000
0.000122 600.000000
0.000122 667.000000
0.000121 587.000000
0.000121 1017.000000
0.000120 1046.000000
0.000118 771.000000
0.000117 572.000000
0.000116 396.000000
0.000116 563.000000
0.000116 646.000000
0.000115 588.000000
0.000115 986.000000
0.000115 212.000000
0.000115 902.000000
0.000115 342.000000
0.000114 703.000000
0.000114 825.000000
0.000113 729.000000
0.000113 650.000000
0.000113 770.000000
0.000112 974.000000
0.000111 881.000000
0.000111 1045.000000
0.000110 659.000000
0.000110 916.000000
0.000110 776.000000
0.000110 900.000000
0.000110 996.000000
0.000110 489.000000
0.000110 946.000000
0.000110 611.000000
0.000109 842.000000
0.000108 852.000000
0.000107 988.000000
0.000107 977.000000
0.000106 849.000000
0.000106 676.000000
0.000106 846.000000
0.000106 942.000000
0.000105 991.000000
0.000105 1003.000000
0.000104 1010.000000
0.000103 1038.000000
0.000103 475.000000
0.000103 737.000000
0.000099 474.000000
0.000098 384.000000
0.000097 891.000000
0.000096 596.000000
0.000095 534.000000
0.000094 960.000000
0.000094 901.000000
0.000094 984.000000
0.000093 856.000000
0.000092 785.000000
0.000092 869.000000
0.000091 925.000000
0.000090 953.000000
0.000090 1023.000000
0.000090 949.000000
0.000089 954.000000
0.000088 898.000000
0.000086 280.000000
0.000085 780.000000
0.000085 478.000000
0.000085 993.000000
0.000082 987.000000
0.000082 1024.000000
0.000081 463.000000
0.000080 877.000000
0.000080 1042.000000
0.000078 582.000000
0.000078 432.000000
0.000077 778.000000
0.000077 1049.000000
0.000076 855.000000
0.000076 584.000000
0.000076 382.000000
0.000075 1035.000000
0.000075 948.000000
0.000075 861.000000
0.000074 992.000000
0.000074 952.000000
0.000073 315.000000
0.000071 841.000000
0.000069 728.000000
0.000069 1039.000000
0.000069 1034.000000
0.000068 1037.000000
0.000067 882.000000
0.000064 904.000000
0.000063 594.000000
0.000063 685.000000
0.000062 854.000000
0.000061 968.000000
0.000061 1050.000000
0.000061 998.000000
0.000060 971.000000
0.000060 567.000000
0.000059 1019.000000
0.000057 769.000000
0.000057 1025.000000
0.000057 1036.000000
0.000057 1015.000000
0.000056 610.000000
0.000054 451.000000
0.000054 619.000000
0.000053 961.000000
0.000052 829.000000
0.000052 1031.000000
0.000051 678.000000
0.000051 616.000000
0.000050 1022.000000
0.000050 932.000000
0.000047 652.000000
0.000046 637.000000
0.000046 938.000000
0.000046 1008.000000
0.000044 772.000000
0.000043 955.000000
0.000042 761.000000
0.000041 923.000000
0.000041 937.000000
0.000038 915.000000
0.000038 393.000000
0.000037 766.000000
0.000035 1002.000000
0.000035 1041.000000
0.000033 1033.000000
0.000032 863.000000
0.000029 1029.000000
0.000028 647.000000
0.000028 614.000000
0.000026 1047.000000
0.000025 1018.000000
0.000025 982.000000
0.000025 1009.000000
0.000022 1007.000000
0.000016 1013.000000
0.000015 98.000000
0.000006 194.000000
0.000005 944.000000
0.000003 959.000000
0.000000 1048.000000
