0.025457 6.000000
0.019411 13.000000
0.019313 18.000000
0.018231 37.000000
0.017151 8.000000
0.016597 11.000000
0.014423 2.000000
0.012360 5.000000
0.011843 91.000000
0.011430 24.000000
0.011403 3.000000
0.010147 39.000000
0.009811 109.000000
0.009685 7.000000
0.009450 14.000000
0.009382 9.000000
0.009381 20.000000
0.009359 28.000000
0.009311 27.000000
0.008911 30.000000
0.008342 49.000000
0.007933 17.000000
0.006593 65.000000
0.006558 36.000000
0.006519 4.000000
0.006433 84.000000
0.006398 19.000000
0.006290 87.000000
0.005877 31.000000
0.005737 224.000000
0.005651 52.000000
0.005539 106.000000
0.005534 314.000000
0.005341 112.000000
0.005335 133.000000
0.005320 116.000000
0.005253 71.000000
0.005232 72.000000
0.005077 61.000000
0.005069 191.000000
0.005007 160.000000
0.004979 163.000000
0.004864 0.000000
0.004783 414.000000
0.004729 32.000000
0.004654 363.000000
0.004614 135.000000
0.004585 164.000000
0.004428 162.000000
0.004405 51.000000
0.004387 151.000000
0.004373 29.000000
0.004323 22.000000
0.004227 45.000000
0.004211 25.000000
0.004135 58.000000
0.003987 15.000000
0.003896 62.000000
0.003873 43.000000
0.003871 67.000000
0.003864 88.000000
0.003815 108.000000
0.003678 90.000000
0.003640 23.000000
0.003620 59.000000
0.003499 459.000000
0.003342 56.000000
0.003338 105.000000
0.003276 141.000000
0.003202 180.000000
0.003185 155.000000
0.003154 321.000000
0.003152 38.000000
0.003126 276.000000
0.003112 53.000000
0.003032 34.000000
0.002942 66.000000
0.002918 377.000000
0.002908 42.000000
0.002897 77.000000
0.002876 130.000000
0.002835 16.000000
0.002801 93.000000
0.002764 97.000000
0.002722 57.000000
0.002705 193.000000
0.002689 74.000000
0.002649 296.000000
0.002644 10.000000
0.002561 495.000000
0.002532 161.000000
0.002466 99.000000
0.002397 310.000000
0.002356 1.000000
0.002352 343.000000
0.002343 288.000000
0.002337 266.000000
0.002334 172.000000
0.002316 85.000000
0.002232 82.000000
0.002219 81.000000
0.002179 174.000000
0.002153 60.000000
0.002103 291.000000
0.002096 47.000000
0.002094 513.000000
0.002090 158.000000
0.002058 41.000000
0.002052 153.000000
0.002000 44.000000
0.001957 126.000000
0.001952 711.000000
0.001950 104.000000
0.001948 123.000000
0.001859 101.000000
0.001858 442.000000
0.001837 788.000000
0.001836 102.000000
0.001834 159.000000
0.001814 446.000000
0.001771 89.000000
0.001758 118.000000
0.001754 76.000000
0.001716 243.000000
0.001688 323.000000
0.001666 365.000000
0.001648 206.000000
0.001644 139.000000
0.001643 33.000000
0.001637 127.000000
0.001619 307.000000
0.001602 286.000000
0.001601 238.000000
0.001595 40.000000
0.001592 169.000000
0.001592 781.000000
0.001581 175.000000
0.001550 230.000000
0.001543 140.000000
0.001539 188.000000
0.001527 429.000000
0.001508 223.000000
0.001505 211.000000
0.001499 254.000000
0.001497 762.000000
0.001494 688.000000
0.001474 812.000000
0.001459 480.000000
0.001449 79.000000
0.001448 222.000000
0.001448 356.000000
0.001422 185.000000
0.001410 448.000000
0.001396 119.000000
0.001395 137.000000
0.001319 360.000000
0.001301 26.000000
0.001294 336.000000
0.001276 358.000000
0.001271 415.000000
0.001266 120.000000
0.001241 319.000000
0.001239 94.000000
0.001234 332.000000
0.001223 397.000000
0.001181 132.000000
0.001179 520.000000
0.001177 263.000000
0.001168 301.000000
0.001165 195.000000
0.001164 400.000000
0.001164 54.000000
0.001147 401.000000
0.001141 252.000000
0.001117 50.000000
0.001111 192.000000
0.001104 246.000000
0.001103 242.000000
0.001102 334.000000
0.001085 325.000000
0.001080 290.000000
0.001079 361.000000
0.001067 70.000000
0.001064 170.000000
0.001058 35.000000
0.001053 124.000000
0.001046 306.000000
0.001032 166.000000
0.001031 63.000000
0.001026 229.000000
0.001023 340.000000
0.001018 512.000000
0.001008 95.000000
0.000993 449.000000
0.000974 157.000000
0.000970 80.000000
0.000966 73.000000
0.000958 103.000000
0.000947 190.000000
0.000919 411.000000
0.000914 973.000000
0.000902 149.000000
0.000899 378.000000
0.000891 215.000000
0.000889 147.000000
0.000887 251.000000
0.000877 798.000000
0.000874 774.000000
0.000863 639.000000
0.000858 171.000000
0.000851 598.000000
0.000841 750.000000
0.000838 21.000000
0.000837 131.000000
0.000837 796.000000
0.000834 561.000000
0.000829 202.000000
0.000829 111.000000
0.000821 997.000000
0.000818 136.000000
0.000816 522.000000
0.000815 344.000000
0.000811 626.000000
0.000800 834.000000
0.000797 255.000000
0.000793 134.000000
0.000793 78.000000
0.000792 295.000000
0.000784 633.000000
0.000781 258.000000
0.000774 214.000000
0.000769 265.000000
0.000769 671.000000
0.000769 579.000000
0.000765 357.000000
0.000760 302.000000
0.000757 494.000000
0.000755 267.000000
0.000748 189.000000
0.000748 476.000000
0.000747 352.000000
0.000744 508.000000
0.000744 181.000000
0.000743 122.000000
0.000741 110.000000
0.000738 368.000000
0.000735 892.000000
0.000734 231.000000
0.000733 804.000000
0.000730 218.000000
0.000728 568.000000
0.000721 578.000000
0.000718 679.000000
0.000715 348.000000
0.000713 641.000000
0.000713 434.000000
0.000708 182.000000
0.000707 455.000000
0.000705 374.000000
0.000702 129.000000
0.000701 666.000000
0.000698 279.000000
0.000686 64.000000
0.000684 473.000000
0.000683 521.000000
0.000683 138.000000
0.000683 418.000000
0.000682 551.000000
0.000681 117.000000
0.000679 146.000000
0.000678 114.000000
0.000676 827.000000
0.000674 408.000000
0.000669 48.000000
0.000665 721.000000
0.000664 661.000000
0.000663 560.000000
0.000662 395.000000
0.000661 203.000000
0.000655 460.000000
0.000653 387.000000
0.000649 142.000000
0.000643 303.000000
0.000642 364.000000
0.000640 83.000000
0.000639 201.000000
0.000638 526.000000
0.000635 794.000000
0.000623 833.000000
0.000622 443.000000
0.000622 518.000000
0.000622 55.000000
0.000620 200.000000
0.000614 417.000000
0.000613 627.000000
0.000609 183.000000
0.000608 503.000000
0.000605 420.000000
0.000604 350.000000
0.000599 500.000000
0.000599 278.000000
0.000595 187.000000
0.000587 46.000000
0.000584 371.000000
0.000582 96.000000
0.000580 481.000000
0.000578 757.000000
0.000574 790.000000
0.000573 148.000000
0.000571 664.000000
0.000570 498.000000
0.000570 198.000000
0.000568 292.000000
0.000565 529.000000
0.000563 760.000000
0.000559 524.000000
0.000559 756.000000
0.000559 100.000000
0.000557 485.000000
0.000556 511.000000
0.000551 268.000000
0.000550 394.000000
0.000549 196.000000
0.000549 602.000000
0.000548 617.000000
0.000547 832.000000
0.000543 328.000000
0.000542 612.000000
0.000541 717.000000
0.000540 530.000000
0.000540 866.000000
0.000540 525.000000
0.000538 272.000000
0.000535 556.000000
0.000534 107.000000
0.000532 895.000000
0.000531 575.000000
0.000531 682.000000
0.000529 75.000000
0.000524 125.000000
0.000523 718.000000
0.000522 373.000000
0.000518 284.000000
0.000518 372.000000
0.000517 234.000000
0.000516 779.000000
0.000514 1001.000000
0.000513 595.000000
0.000512 173.000000
0.000511 274.000000
0.000510 549.000000
0.000507 208.000000
0.000500 298.000000
0.000499 541.000000
0.000498 113.000000
0.000495 178.000000
0.000494 326.000000
0.000494 145.000000
0.000494 552.000000
0.000490 271.000000
0.000488 461.000000
0.000487 468.000000
0.000487 488.000000
0.000487 322.000000
0.000484 297.000000
0.000483 1030.000000
0.000483 204.000000
0.000481 421.000000
0.000481 800.000000
0.000481 759.000000
0.000479 233.000000
0.000475 922.000000
0.000474 514.000000
0.000473 687.000000
0.000468 69.000000
0.000466 557.000000
0.000465 645.000000
0.000462 700.000000
0.000460 329.000000
0.000453 281.000000
0.000452 186.000000
0.000451 980.000000
0.000449 179.000000
0.000448 723.000000
0.000446 388.000000
0.000446 660.000000
0.000445 497.000000
0.000445 482.000000
0.000439 709.000000
0.000437 235.000000
0.000437 324.000000
0.000436 836.000000
0.000436 331.000000
0.000431 734.000000
0.000427 270.000000
0.000427 618.000000
0.000425 994.000000
0.000425 592.000000
0.000424 264.000000
0.000423 232.000000
0.000422 385.000000
0.000422 857.000000
0.000420 425.000000
0.000420 490.000000
0.000419 867.000000
0.000417 876.000000
0.000415 706.000000
0.000414 248.000000
0.000414 469.000000
0.000414 929.000000
0.000413 744.000000
0.000413 845.000000
0.000410 539.000000
0.000407 731.000000
0.000407 216.000000
0.000406 628.000000
0.000405 509.000000
0.000405 1027.000000
0.000404 221.000000
0.000404 427.000000
0.000402 741.000000
0.000400 486.000000
0.000398 499.000000
0.000395 708.000000
0.000395 930.000000
0.000394 773.000000
0.000391 121.000000
0.000391 547.000000
0.000389 247.000000
0.000389 746.000000
0.000389 886.000000
0.000388 506.000000
0.000388 269.000000
0.000388 502.000000
0.000386 576.000000
0.000386 625.000000
0.000385 1004.000000
0.000385 975.000000
0.000385 479.000000
0.000384 381.000000
0.000380 337.000000
0.000379 209.000000
0.000379 883.000000
0.000378 893.000000
0.000378 282.000000
0.000374 380.000000
0.000374 466.000000
0.000373 426.000000
0.000372 887.000000
0.000372 312.000000
0.000369 355.000000
0.000368 165.000000
0.000368 289.000000
0.000366 458.000000
0.000365 144.000000
0.000365 335.000000
0.000363 906.000000
0.000362 940.000000
0.000361 517.000000
0.000360 710.000000
0.000359 542.000000
0.000359 635.000000
0.000358 803.000000
0.000357 608.000000
0.000356 967.000000
0.000356 308.000000
0.000354 686.000000
0.000354 416.000000
0.000353 871.000000
0.000352 581.000000
0.000352 795.000000
0.000351 464.000000
0.000350 656.000000
0.000350 370.000000
0.000349 631.000000
0.000349 375.000000
0.000348 714.000000
0.000348 413.000000
0.000348 330.000000
0.000347 604.000000
0.000347 683.000000
0.000347 896.000000
0.000346 309.000000
0.000346 655.000000
0.000344 537.000000
0.000343 970.000000
0.000343 423.000000
0.000341 392.000000
0.000341 638.000000
0.000341 739.000000
0.000340 531.000000
0.000340 454.000000
0.000340 782.000000
0.000340 1028.000000
0.000340 226.000000
0.000338 496.000000
0.000338 874.000000
0.000336 293.000000
0.000336 716.000000
0.000336 623.000000
0.000335 736.000000
0.000334 412.000000
0.000333 768.000000
0.000332 287.000000
0.000332 450.000000
0.000331 620.000000
0.000331 775.000000
0.000331 1032.000000
0.000329 875.000000
0.000327 156.000000
0.000327 963.000000
0.000325 799.000000
0.000325 653.000000
0.000323 341.000000
0.000323 399.000000
0.000323 447.000000
0.000323 704.000000
0.000322 543.000000
0.000321 673.000000
0.000321 359.000000
0.000321 889.000000
0.000321 822.000000
0.000320 684.000000
0.000320 999.000000
0.000320 379.000000
0.000320 444.000000
0.000320 719.000000
0.000319 873.000000
0.000319 390.000000
0.000318 870.000000
0.000317 884.000000
0.000314 227.000000
0.000314 184.000000
0.000313 484.000000
0.000312 241.000000
0.000311 933.000000
0.000311 597.000000
0.000311 453.000000
0.000310 675.000000
0.000309 740.000000
0.000308 152.000000
0.000308 536.000000
0.000307 690.000000
0.000307 694.000000
0.000307 237.000000
0.000306 143.000000
0.000306 1014.000000
0.000306 440.000000
0.000306 220.000000
0.000305 985.000000
0.000304 320.000000
0.000304 199.000000
0.000304 367.000000
0.000301 245.000000
0.000301 644.000000
0.000299 435.000000
0.000299 424.000000
0.000297 236.000000
0.000296 313.000000
0.000295 1044.000000
0.000295 880.000000
0.000295 777.000000
0.000295 697.000000
0.000294 629.000000
0.000293 540.000000
0.000293 965.000000
0.000292 702.000000
0.000292 285.000000
0.000291 389.000000
0.000291 580.000000
0.000291 487.000000
0.000291 225.000000
0.000290 168.000000
0.000289 528.000000
0.000289 213.000000
0.000289 908.000000
0.000288 207.000000
0.000288 428.000000
0.000288 566.000000
0.000286 261.000000
0.000286 376.000000
0.000286 519.000000
0.000285 713.000000
0.000283 899.000000
0.000283 802.000000
0.000282 68.000000
0.000282 573.000000
0.000282 219.000000
0.000282 470.000000
0.000282 813.000000
0.000282 403.000000
0.000281 699.000000
0.000280 815.000000
0.000280 724.000000
0.000279 603.000000
0.000279 383.000000
0.000278 437.000000
0.000278 115.000000
0.000277 765.000000
0.000276 613.000000
0.000276 438.000000
0.000276 409.000000
0.000275 606.000000
0.000275 797.000000
0.000274 369.000000
0.000274 304.000000
0.000274 257.000000
0.000272 844.000000
0.000272 366.000000
0.000271 931.000000
0.000270 456.000000
0.000269 546.000000
0.000269 128.000000
0.000269 391.000000
0.000269 1043.000000
0.000269 244.000000
0.000267 976.000000
0.000267 317.000000
0.000267 472.000000
0.000266 649.000000
0.000266 553.000000
0.000265 817.000000
0.000265 523.000000
0.000265 433.000000
0.000263 305.000000
0.000263 783.000000
0.000262 86.000000
0.000261 590.000000
0.000260 872.000000
0.000260 918.000000
0.000259 92.000000
0.000259 386.000000
0.000259 349.000000
0.000257 571.000000
0.000255 300.000000
0.000255 665.000000
0.000255 471.000000
0.000255 492.000000
0.000254 758.000000
0.000253 733.000000
0.000253 154.000000
0.000253 663.000000
0.000253 346.000000
0.000253 419.000000
0.000253 493.000000
0.000253 662.000000
0.000251 262.000000
0.000251 632.000000
0.000250 294.000000
0.000249 642.000000
0.000248 353.000000
0.000248 919.000000
0.000248 217.000000
0.000248 830.000000
0.000247 806.000000
0.000247 674.000000
0.000247 752.000000
0.000246 730.000000
0.000245 921.000000
0.000242 176.000000
0.000242 436.000000
0.000241 793.000000
0.000241 505.000000
0.000241 601.000000
0.000240 354.000000
0.000240 457.000000
0.000239 253.000000
0.000239 808.000000
0.000239 565.000000
0.000238 465.000000
0.000238 345.000000
0.000238 501.000000
0.000237 814.000000
0.000237 689.000000
0.000236 559.000000
0.000236 732.000000
0.000236 544.000000
0.000233 888.000000
0.000232 753.000000
0.000232 692.000000
0.000232 439.000000
0.000231 990.000000
0.000230 767.000000
0.000229 510.000000
0.000227 406.000000
0.000227 805.000000
0.000226 570.000000
0.000226 405.000000
0.000226 696.000000
0.000225 957.000000
0.000224 462.000000
0.000223 670.000000
0.000222 943.000000
0.000221 256.000000
0.000221 853.000000
0.000220 698.000000
0.000218 947.000000
0.000217 273.000000
0.000216 1000.000000
0.000216 941.000000
0.000216 621.000000
0.000216 816.000000
0.000216 277.000000
0.000215 672.000000
0.000215 624.000000
0.000214 828.000000
0.000214 860.000000
0.000212 810.000000
0.000211 339.000000
0.000210 677.000000
0.000209 564.000000
0.000208 654.000000
0.000208 658.000000
0.000207 680.000000
0.000206 786.000000
0.000205 558.000000
0.000205 885.000000
0.000204 972.000000
0.000204 958.000000
0.000203 831.000000
0.000203 634.000000
0.000203 12.000000
0.000203 989.000000
0.000203 738.000000
0.000202 311.000000
0.000202 431.000000
0.000202 755.000000
0.000201 636.000000
0.000201 651.000000
0.000200 909.000000
0.000200 821.000000
0.000199 791.000000
0.000199 150.000000
0.000199 707.000000
0.000198 1020.000000
0.000198 748.000000
0.000197 851.000000
0.000197 722.000000
0.000197 583.000000
0.000196 228.000000
0.000196 924.000000
0.000196 964.000000
0.000195 532.000000
0.000195 727.000000
0.000194 259.000000
0.000193 695.000000
0.000193 839.000000
0.000193 801.000000
0.000193 477.000000
0.000192 586.000000
0.000192 577.000000
0.000192 316.000000
0.000191 754.000000
0.000191 979.000000
0.000190 515.000000
0.000189 239.000000
0.000189 1006.000000
0.000187 811.000000
0.000187 249.000000
0.000187 240.000000
0.000187 928.000000
0.000186 422.000000
0.000186 607.000000
0.000186 983.000000
0.000185 843.000000
0.000185 950.000000
0.000185 864.000000
0.000183 445.000000
0.000183 548.000000
0.000183 917.000000
0.000182 538.000000
0.000182 905.000000
0.000181 835.000000
0.000181 701.000000
0.000181 205.000000
0.000180 819.000000
0.000180 907.000000
0.000179 351.000000
0.000179 545.000000
0.000177 962.000000
0.000177 910.000000
0.000177 749.000000
0.000177 745.000000
0.000176 467.000000
0.000176 441.000000
0.000175 569.000000
0.000175 167.000000
0.000174 934.000000
0.000174 763.000000
0.000174 751.000000
0.000174 820.000000
0.000174 926.000000
0.000172 177.000000
0.000172 1021.000000
0.000171 504.000000
0.000171 705.000000
0.000170 840.000000
0.000169 516.000000
0.000169 927.000000
0.000169 824.000000
0.000168 818.000000
0.000168 555.000000
0.000168 1012.000000
0.000167 726.000000
0.000167 327.000000
0.000167 691.000000
0.000167 742.000000
0.000167 681.000000
0.000166 693.000000
0.000166 747.000000
0.000166 911.000000
0.000166 283.000000
0.000166 430.000000
0.000166 260.000000
0.000165 862.000000
0.000165 338.000000
0.000163 669.000000
0.000163 879.000000
0.000162 410.000000
0.000162 956.000000
0.000162 362.000000
0.000162 668.000000
0.000161 250.000000
0.000161 878.000000
0.000161 407.000000
0.000161 585.000000
0.000161 837.000000
0.000159 809.000000
0.000159 630.000000
0.000158 533.000000
0.000157 913.000000
0.000157 333.000000
0.000156 210.000000
0.000156 398.000000
0.000155 981.000000
0.000155 787.000000
0.000155 554.000000
0.000155 935.000000
0.000154 299.000000
0.000152 507.000000
0.000152 712.000000
0.000152 593.000000
0.000152 550.000000
0.000151 725.000000
0.000151 562.000000
0.000150 945.000000
0.000150 452.000000
0.000150 838.000000
0.000150 1051.000000
0.000149 764.000000
0.000149 914.000000
0.000149 605.000000
0.000149 657.000000
0.000148 491.000000
0.000148 1016.000000
0.000148 599.000000
0.000147 792.000000
0.000147 936.000000
0.000147 868.000000
0.000146 609.000000
0.000146 615.000000
0.000146 859.000000
0.000145 591.000000
0.000145 920.000000
0.000144 347.000000
0.000144 978.000000
0.000144 903.000000
0.000144 622.000000
0.000144 648.000000
0.000144 826.000000
0.000142 404.000000
0.000142 643.000000
0.000142 951.000000
0.000142 715.000000
0.000142 847.000000
0.000142 969.000000
0.000141 858.000000
0.000141 1026.000000
0.000141 720.000000
0.000140 995.000000
0.000138 275.000000
0.000137 897.000000
0.000136 848.000000
0.000135 1005.000000
0.000135 789.000000
0.000134 402.000000
0.000134 966.000000
0.000133 318.000000
0.000133 823.000000
0.000132 589.000000
0.000131 1040.000000
0.000130 527.000000
0.000129 784.000000
0.000128 865.000000
0.000127 535.000000
0.000127 912.000000
0.000127 890.000000
0.000127 197.000000
0.000127 850.000000
0.000126 735.000000
0.000126 807.000000
0.000126 640.000000
0.000126 939.000000
0.000125 1011.000000
0.000125 483.000000
0.000125 574.000000
0.000124 894.000000
0.000123 743.000000
0.000123 1017.000000
0.000123 600.000000
0.000123 212.000000
0.000122 667.000000
0.000122 587.000000
0.000119 1046.000000
0.000119 771.000000
0.000117 572.000000
0.000117 646.000000
0.000116 563.000000
0.000116 396.000000
0.000116 900.000000
0.000116 986.000000
0.000115 588.000000
0.000114 342.000000
0.000114 650.000000
0.000114 825.000000
0.000113 703.000000
0.000113 729.000000
0.000113 770.000000
0.000111 1045.000000
0.000111 974.000000
0.000111 881.000000
0.000110 902.000000
0.000110 659.000000
0.000110 916.000000
0.000110 776.000000
0.000110 489.000000
0.000109 946.000000
0.000109 611.000000
0.000109 977.000000
0.000109 842.000000
0.000108 852.000000
0.000108 996.000000
0.000107 846.000000
0.000107 988.000000
0.000106 849.000000
0.000106 1003.000000
0.000105 676.000000
0.000105 942.000000
0.000104 1010.000000
0.000103 1038.000000
0.000103 737.000000
0.000102 991.000000
0.000102 475.000000
0.000100 474.000000
0.000097 953.000000
0.000097 891.000000
0.000096 596.000000
0.000096 384.000000
0.000095 901.000000
0.000095 534.000000
0.000094 856.000000
0.000094 984.000000
0.000093 869.000000
0.000093 960.000000
0.000093 898.000000
0.000092 785.000000
0.000091 925.000000
0.000090 949.000000
0.000089 1023.000000
0.000089 954.000000
0.000086 993.000000
0.000085 280.000000
0.000085 478.000000
0.000085 780.000000
0.000084 463.000000
0.000084 1024.000000
0.000084 1042.000000
0.000081 987.000000
0.000080 877.000000
0.000078 432.000000
0.000078 582.000000
0.000077 861.000000
0.000077 952.000000
0.000077 855.000000
0.000077 778.000000
0.000076 1049.000000
0.000076 584.000000
0.000076 382.000000
0.000075 948.000000
0.000075 1035.000000
0.000074 992.000000
0.000074 315.000000
0.000073 841.000000
0.000072 1034.000000
0.000071 1037.000000
0.000071 882.000000
0.000070 728.000000
0.000069 1039.000000
0.000066 685.000000
0.000066 854.000000
0.000065 904.000000
0.000064 594.000000
0.000062 968.000000
0.000061 998.000000
0.000061 971.000000
0.000060 1050.000000
0.000060 567.000000
0.000060 1015.000000
0.000059 1019.000000
0.000058 769.000000
0.000057 1025.000000
0.000057 1036.000000
0.000056 610.000000
0.000056 451.000000
0.000054 619.000000
0.000053 829.000000
0.000053 961.000000
0.000052 678.000000
0.000051 1031.000000
0.000051 616.000000
0.000050 1022.000000
0.000049 932.000000
0.000047 637.000000
0.000047 652.000000
0.000046 938.000000
0.000046 1008.000000
0.000045 772.000000
0.000044 923.000000
0.000043 955.000000
0.000041 937.000000
0.000041 761.000000
0.000038 915.000000
0.000038 393.000000
0.000038 766.000000
0.000037 1041.000000
0.000035 1002.000000
0.000033 1033.000000
0.000032 863.000000
0.000031 1029.000000
0.000030 614.000000
0.000028 647.000000
0.000026 1047.000000
0.000025 1009.000000
0.000025 982.000000
0.000025 1018.000000
0.000022 1007.000000
0.000016 1013.000000
0.000014 98.000000
0.000006 194.000000
0.000005 944.000000
0.000003 959.000000
0.000000 1048.000000
