0.025348 6.000000
0.019427 18.000000
0.019247 13.000000
0.018358 37.000000
0.017227 8.000000
0.016607 11.000000
0.014519 2.000000
0.012531 5.000000
0.011953 91.000000
0.011562 3.000000
0.011397 24.000000
0.009965 39.000000
0.009886 109.000000
0.009796 7.000000
0.009540 14.000000
0.009411 20.000000
0.009401 28.000000
0.009336 27.000000
0.009304 9.000000
0.008905 30.000000
0.008401 49.000000
0.007861 17.000000
0.006637 4.000000
0.006607 65.000000
0.006539 36.000000
0.006488 84.000000
0.006447 19.000000
0.006332 87.000000
0.005804 31.000000
0.005804 224.000000
0.005586 106.000000
0.005579 314.000000
0.005564 52.000000
0.005379 112.000000
0.005354 116.000000
0.005314 133.000000
0.005193 71.000000
0.005127 72.000000
0.005097 61.000000
0.005051 191.000000
0.004996 160.000000
0.004995 163.000000
0.004886 0.000000
0.004757 414.000000
0.004740 32.000000
0.004627 164.000000
0.004597 363.000000
0.004568 135.000000
0.004430 162.000000
0.004405 29.000000
0.004359 22.000000
0.004316 51.000000
0.004261 45.000000
0.004217 25.000000
0.004186 58.000000
0.004043 151.000000
0.004040 15.000000
0.003915 67.000000
0.003893 43.000000
0.003882 62.000000
0.003872 88.000000
0.003756 108.000000
0.003716 90.000000
0.003655 59.000000
0.003651 23.000000
0.003477 459.000000
0.003350 105.000000
0.003347 56.000000
0.003295 141.000000
0.003223 180.000000
0.003211 155.000000
0.003186 38.000000
0.003183 321.000000
0.003127 53.000000
0.003111 276.000000
0.003074 34.000000
0.002936 377.000000
0.002933 66.000000
0.002916 42.000000
0.002898 77.000000
0.002894 130.000000
0.002842 16.000000
0.002816 93.000000
0.002721 57.000000
0.002719 193.000000
0.002684 74.000000
0.002680 97.000000
0.002658 296.000000
0.002580 10.000000
0.002561 495.000000
0.002543 161.000000
0.002477 99.000000
0.002358 172.000000
0.002357 343.000000
0.002348 266.000000
0.002347 310.000000
0.002346 288.000000
0.002345 1.000000
0.002337 85.000000
0.002246 82.000000
0.002232 81.000000
0.002193 174.000000
0.002146 60.000000
0.002113 291.000000
0.002069 41.000000
0.002060 153.000000
0.002056 158.000000
0.002051 513.000000
0.002039 47.000000
0.002004 44.000000
0.001976 711.000000
0.001966 104.000000
0.001959 126.000000
0.001946 123.000000
0.001861 442.000000
0.001837 788.000000
0.001835 102.000000
0.001833 101.000000
0.001831 159.000000
0.001826 446.000000
0.001773 89.000000
0.001759 76.000000
0.001729 118.000000
0.001722 243.000000
0.001695 323.000000
0.001680 365.000000
0.001660 139.000000
0.001654 206.000000
0.001653 33.000000
0.001647 127.000000
0.001632 307.000000
0.001603 40.000000
0.001593 169.000000
0.001588 781.000000
0.001586 286.000000
0.001573 238.000000
0.001547 175.000000
0.001541 230.000000
0.001541 140.000000
0.001531 429.000000
0.001523 188.000000
0.001511 223.000000
0.001509 211.000000
0.001504 254.000000
0.001500 688.000000
0.001474 762.000000
0.001469 812.000000
0.001468 222.000000
0.001462 480.000000
0.001460 79.000000
0.001460 356.000000
0.001431 185.000000
0.001406 119.000000
0.001406 448.000000
0.001367 137.000000
0.001315 360.000000
0.001293 336.000000
0.001279 358.000000
0.001274 26.000000
0.001270 120.000000
0.001266 415.000000
0.001248 94.000000
0.001242 319.000000
0.001227 332.000000
0.001207 520.000000
0.001194 397.000000
0.001179 263.000000
0.001175 132.000000
0.001172 195.000000
0.001167 301.000000
0.001167 401.000000
0.001155 54.000000
0.001147 400.000000
0.001116 50.000000
0.001114 246.000000
0.001109 242.000000
0.001106 192.000000
0.001101 334.000000
0.001096 252.000000
0.001086 325.000000
0.001080 290.000000
0.001078 361.000000
0.001068 170.000000
0.001068 70.000000
0.001057 124.000000
0.001049 35.000000
0.001042 306.000000
0.001036 166.000000
0.001031 340.000000
0.001028 63.000000
0.001007 229.000000
0.000996 449.000000
0.000992 512.000000
0.000992 95.000000
0.000978 157.000000
0.000976 80.000000
0.000969 103.000000
0.000960 73.000000
0.000949 190.000000
0.000916 973.000000
0.000915 411.000000
0.000901 378.000000
0.000899 215.000000
0.000894 251.000000
0.000893 149.000000
0.000879 798.000000
0.000866 598.000000
0.000866 639.000000
0.000862 171.000000
0.000861 774.000000
0.000860 147.000000
0.000847 561.000000
0.000847 131.000000
0.000841 750.000000
0.000837 202.000000
0.000835 111.000000
0.000832 997.000000
0.000832 21.000000
0.000826 522.000000
0.000818 136.000000
0.000813 344.000000
0.000801 834.000000
0.000799 255.000000
0.000796 78.000000
0.000793 796.000000
0.000792 295.000000
0.000792 134.000000
0.000779 626.000000
0.000775 633.000000
0.000774 258.000000
0.000774 265.000000
0.000770 671.000000
0.000763 357.000000
0.000763 302.000000
0.000761 579.000000
0.000759 214.000000
0.000757 267.000000
0.000752 189.000000
0.000752 181.000000
0.000751 494.000000
0.000750 122.000000
0.000749 508.000000
0.000747 110.000000
0.000742 231.000000
0.000738 476.000000
0.000736 892.000000
0.000730 352.000000
0.000730 368.000000
0.000729 568.000000
0.000726 804.000000
0.000725 578.000000
0.000716 434.000000
0.000714 374.000000
0.000709 218.000000
0.000709 348.000000
0.000707 666.000000
0.000703 182.000000
0.000702 455.000000
0.000702 641.000000
0.000701 129.000000
0.000699 279.000000
0.000694 64.000000
0.000693 679.000000
0.000686 521.000000
0.000683 138.000000
0.000682 551.000000
0.000681 473.000000
0.000679 408.000000
0.000678 827.000000
0.000678 114.000000
0.000675 117.000000
0.000674 146.000000
0.000673 418.000000
0.000669 661.000000
0.000666 203.000000
0.000663 833.000000
0.000663 560.000000
0.000663 395.000000
0.000660 721.000000
0.000657 387.000000
0.000655 48.000000
0.000655 460.000000
0.000649 142.000000
0.000646 364.000000
0.000645 303.000000
0.000645 526.000000
0.000642 794.000000
0.000640 201.000000
0.000629 83.000000
0.000628 518.000000
0.000626 55.000000
0.000621 443.000000
0.000620 200.000000
0.000617 417.000000
0.000615 183.000000
0.000605 503.000000
0.000604 350.000000
0.000603 627.000000
0.000602 420.000000
0.000599 278.000000
0.000595 500.000000
0.000585 96.000000
0.000585 46.000000
0.000583 187.000000
0.000582 757.000000
0.000581 371.000000
0.000577 481.000000
0.000575 790.000000
0.000574 148.000000
0.000572 198.000000
0.000569 498.000000
0.000568 292.000000
0.000566 529.000000
0.000564 756.000000
0.000563 760.000000
0.000561 602.000000
0.000560 524.000000
0.000559 511.000000
0.000557 485.000000
0.000556 664.000000
0.000555 394.000000
0.000553 196.000000
0.000552 717.000000
0.000550 832.000000
0.000550 617.000000
0.000546 612.000000
0.000546 100.000000
0.000545 328.000000
0.000545 866.000000
0.000544 268.000000
0.000543 272.000000
0.000542 530.000000
0.000541 525.000000
0.000537 556.000000
0.000537 895.000000
0.000535 107.000000
0.000535 682.000000
0.000530 575.000000
0.000527 373.000000
0.000525 718.000000
0.000523 284.000000
0.000519 234.000000
0.000518 125.000000
0.000516 779.000000
0.000515 274.000000
0.000514 173.000000
0.000514 372.000000
0.000511 549.000000
0.000510 75.000000
0.000509 595.000000
0.000507 113.000000
0.000505 208.000000
0.000502 541.000000
0.000498 178.000000
0.000496 552.000000
0.000493 326.000000
0.000492 468.000000
0.000490 1001.000000
0.000490 271.000000
0.000489 298.000000
0.000488 461.000000
0.000487 145.000000
0.000486 297.000000
0.000486 759.000000
0.000485 204.000000
0.000484 421.000000
0.000484 233.000000
0.000482 800.000000
0.000476 514.000000
0.000472 1030.000000
0.000472 488.000000
0.000472 687.000000
0.000471 322.000000
0.000469 922.000000
0.000465 69.000000
0.000463 329.000000
0.000461 557.000000
0.000460 700.000000
0.000456 186.000000
0.000453 980.000000
0.000451 281.000000
0.000451 723.000000
0.000450 660.000000
0.000448 388.000000
0.000442 497.000000
0.000442 385.000000
0.000441 235.000000
0.000440 331.000000
0.000439 836.000000
0.000438 709.000000
0.000438 324.000000
0.000437 179.000000
0.000432 482.000000
0.000432 734.000000
0.000428 270.000000
0.000426 618.000000
0.000424 645.000000
0.000423 264.000000
0.000421 857.000000
0.000421 425.000000
0.000421 232.000000
0.000419 744.000000
0.000417 876.000000
0.000416 248.000000
0.000415 490.000000
0.000415 469.000000
0.000411 216.000000
0.000411 845.000000
0.000410 539.000000
0.000409 592.000000
0.000408 706.000000
0.000408 427.000000
0.000408 509.000000
0.000407 867.000000
0.000407 731.000000
0.000407 628.000000
0.000405 929.000000
0.000402 930.000000
0.000401 221.000000
0.000400 486.000000
0.000399 499.000000
0.000397 741.000000
0.000396 708.000000
0.000393 337.000000
0.000392 547.000000
0.000392 121.000000
0.000392 773.000000
0.000390 886.000000
0.000389 247.000000
0.000389 994.000000
0.000389 576.000000
0.000389 506.000000
0.000388 746.000000
0.000388 975.000000
0.000388 269.000000
0.000387 381.000000
0.000386 1004.000000
0.000386 502.000000
0.000384 625.000000
0.000383 479.000000
0.000380 883.000000
0.000380 1027.000000
0.000379 282.000000
0.000377 209.000000
0.000376 312.000000
0.000376 466.000000
0.000375 380.000000
0.000373 887.000000
0.000373 893.000000
0.000372 289.000000
0.000372 426.000000
0.000369 165.000000
0.000367 355.000000
0.000366 458.000000
0.000365 144.000000
0.000365 940.000000
0.000364 335.000000
0.000364 906.000000
0.000359 542.000000
0.000359 967.000000
0.000358 608.000000
0.000357 803.000000
0.000357 635.000000
0.000357 871.000000
0.000356 464.000000
0.000356 710.000000
0.000354 686.000000
0.000354 308.000000
0.000353 416.000000
0.000353 581.000000
0.000352 604.000000
0.000352 795.000000
0.000351 370.000000
0.000350 656.000000
0.000350 375.000000
0.000349 330.000000
0.000349 309.000000
0.000348 683.000000
0.000348 413.000000
0.000347 714.000000
0.000346 631.000000
0.000346 896.000000
0.000345 782.000000
0.000344 537.000000
0.000342 392.000000
0.000342 739.000000
0.000342 496.000000
0.000341 226.000000
0.000341 423.000000
0.000340 655.000000
0.000340 623.000000
0.000339 970.000000
0.000339 531.000000
0.000338 293.000000
0.000338 716.000000
0.000336 736.000000
0.000336 517.000000
0.000335 1028.000000
0.000335 287.000000
0.000335 638.000000
0.000334 412.000000
0.000334 454.000000
0.000334 450.000000
0.000333 768.000000
0.000332 874.000000
0.000332 963.000000
0.000331 620.000000
0.000328 875.000000
0.000328 1032.000000
0.000326 799.000000
0.000325 156.000000
0.000325 341.000000
0.000324 653.000000
0.000324 704.000000
0.000323 447.000000
0.000323 399.000000
0.000322 673.000000
0.000322 1014.000000
0.000322 444.000000
0.000322 719.000000
0.000322 684.000000
0.000322 543.000000
0.000321 379.000000
0.000321 999.000000
0.000320 889.000000
0.000320 873.000000
0.000320 775.000000
0.000319 359.000000
0.000319 390.000000
0.000319 870.000000
0.000318 822.000000
0.000316 884.000000
0.000314 227.000000
0.000314 184.000000
0.000314 484.000000
0.000313 241.000000
0.000312 597.000000
0.000311 933.000000
0.000311 675.000000
0.000309 453.000000
0.000309 440.000000
0.000308 740.000000
0.000307 220.000000
0.000307 237.000000
0.000307 152.000000
0.000307 143.000000
0.000306 985.000000
0.000306 536.000000
0.000306 690.000000
0.000305 320.000000
0.000302 199.000000
0.000302 245.000000
0.000302 367.000000
0.000301 644.000000
0.000300 424.000000
0.000299 694.000000
0.000298 236.000000
0.000296 313.000000
0.000295 435.000000
0.000294 629.000000
0.000294 965.000000
0.000294 880.000000
0.000293 540.000000
0.000292 225.000000
0.000292 285.000000
0.000292 697.000000
0.000292 487.000000
0.000292 702.000000
0.000291 580.000000
0.000291 389.000000
0.000291 777.000000
0.000291 1044.000000
0.000290 908.000000
0.000290 528.000000
0.000288 213.000000
0.000288 261.000000
0.000287 207.000000
0.000287 168.000000
0.000286 519.000000
0.000286 376.000000
0.000285 566.000000
0.000284 428.000000
0.000284 813.000000
0.000283 219.000000
0.000282 573.000000
0.000282 713.000000
0.000282 470.000000
0.000282 802.000000
0.000282 68.000000
0.000282 899.000000
0.000281 699.000000
0.000280 815.000000
0.000280 603.000000
0.000280 724.000000
0.000280 403.000000
0.000278 437.000000
0.000278 115.000000
0.000277 383.000000
0.000277 438.000000
0.000277 409.000000
0.000276 765.000000
0.000276 613.000000
0.000275 606.000000
0.000275 304.000000
0.000274 257.000000
0.000273 797.000000
0.000273 366.000000
0.000270 244.000000
0.000270 128.000000
0.000269 369.000000
0.000269 1043.000000
0.000269 546.000000
0.000268 844.000000
0.000267 317.000000
0.000267 391.000000
0.000267 456.000000
0.000267 433.000000
0.000267 472.000000
0.000266 553.000000
0.000266 817.000000
0.000265 523.000000
0.000265 649.000000
0.000264 783.000000
0.000264 931.000000
0.000263 305.000000
0.000261 918.000000
0.000261 86.000000
0.000260 590.000000
0.000260 872.000000
0.000259 386.000000
0.000258 665.000000
0.000258 571.000000
0.000257 92.000000
0.000256 300.000000
0.000255 663.000000
0.000254 471.000000
0.000254 493.000000
0.000254 492.000000
0.000253 349.000000
0.000253 733.000000
0.000253 419.000000
0.000252 346.000000
0.000252 662.000000
0.000252 154.000000
0.000251 632.000000
0.000251 262.000000
0.000250 294.000000
0.000249 642.000000
0.000249 217.000000
0.000248 752.000000
0.000248 919.000000
0.000247 830.000000
0.000247 976.000000
0.000247 674.000000
0.000247 730.000000
0.000245 353.000000
0.000244 921.000000
0.000242 505.000000
0.000241 601.000000
0.000241 457.000000
0.000241 176.000000
0.000240 253.000000
0.000240 758.000000
0.000239 808.000000
0.000239 345.000000
0.000239 465.000000
0.000239 565.000000
0.000238 501.000000
0.000238 732.000000
0.000238 354.000000
0.000237 814.000000
0.000237 559.000000
0.000236 689.000000
0.000235 753.000000
0.000234 888.000000
0.000234 436.000000
0.000232 692.000000
0.000232 439.000000
0.000232 806.000000
0.000232 990.000000
0.000230 793.000000
0.000230 544.000000
0.000228 510.000000
0.000228 767.000000
0.000227 570.000000
0.000227 805.000000
0.000226 405.000000
0.000225 696.000000
0.000224 957.000000
0.000223 462.000000
0.000222 698.000000
0.000221 943.000000
0.000220 853.000000
0.000220 406.000000
0.000219 256.000000
0.000219 947.000000
0.000218 1000.000000
0.000216 828.000000
0.000216 670.000000
0.000216 816.000000
0.000215 941.000000
0.000215 624.000000
0.000215 672.000000
0.000215 621.000000
0.000214 277.000000
0.000214 810.000000
0.000211 860.000000
0.000210 273.000000
0.000210 677.000000
0.000209 564.000000
0.000209 654.000000
0.000208 658.000000
0.000208 680.000000
0.000205 786.000000
0.000205 558.000000
0.000204 958.000000
0.000204 885.000000
0.000204 831.000000
0.000203 738.000000
0.000203 12.000000
0.000203 634.000000
0.000203 431.000000
0.000202 989.000000
0.000202 972.000000
0.000202 909.000000
0.000202 311.000000
0.000202 791.000000
0.000201 651.000000
0.000201 636.000000
0.000200 755.000000
0.000200 707.000000
0.000199 339.000000
0.000199 821.000000
0.000198 851.000000
0.000198 583.000000
0.000197 722.000000
0.000196 1020.000000
0.000196 228.000000
0.000196 150.000000
0.000196 748.000000
0.000195 532.000000
0.000195 964.000000
0.000195 727.000000
0.000193 259.000000
0.000193 839.000000
0.000193 577.000000
0.000193 801.000000
0.000193 924.000000
0.000192 586.000000
0.000192 477.000000
0.000191 754.000000
0.000190 316.000000
0.000190 695.000000
0.000190 515.000000
0.000189 1006.000000
0.000189 239.000000
0.000188 240.000000
0.000187 249.000000
0.000187 811.000000
0.000187 422.000000
0.000186 928.000000
0.000186 983.000000
0.000186 607.000000
0.000185 950.000000
0.000184 445.000000
0.000184 864.000000
0.000183 548.000000
0.000183 917.000000
0.000183 538.000000
0.000182 905.000000
0.000181 835.000000
0.000181 701.000000
0.000181 545.000000
0.000181 205.000000
0.000181 819.000000
0.000180 907.000000
0.000177 962.000000
0.000177 749.000000
0.000176 467.000000
0.000175 569.000000
0.000175 926.000000
0.000174 504.000000
0.000174 167.000000
0.000174 820.000000
0.000174 745.000000
0.000173 843.000000
0.000173 934.000000
0.000172 177.000000
0.000172 1021.000000
0.000172 705.000000
0.000171 351.000000
0.000171 441.000000
0.000171 763.000000
0.000169 818.000000
0.000169 927.000000
0.000169 555.000000
0.000169 516.000000
0.000168 824.000000
0.000168 840.000000
0.000168 726.000000
0.000167 327.000000
0.000167 691.000000
0.000167 681.000000
0.000166 747.000000
0.000166 693.000000
0.000166 260.000000
0.000166 742.000000
0.000166 430.000000
0.000166 911.000000
0.000165 283.000000
0.000164 338.000000
0.000164 669.000000
0.000163 910.000000
0.000163 956.000000
0.000163 751.000000
0.000163 879.000000
0.000162 410.000000
0.000162 407.000000
0.000162 585.000000
0.000161 362.000000
0.000161 878.000000
0.000161 837.000000
0.000161 250.000000
0.000161 668.000000
0.000159 979.000000
0.000159 630.000000
0.000159 862.000000
0.000159 809.000000
0.000158 533.000000
0.000157 1012.000000
0.000156 210.000000
0.000156 787.000000
0.000156 981.000000
0.000155 333.000000
0.000155 554.000000
0.000155 913.000000
0.000155 935.000000
0.000154 299.000000
0.000153 593.000000
0.000152 507.000000
0.000152 725.000000
0.000151 712.000000
0.000150 452.000000
0.000150 978.000000
0.000150 550.000000
0.000150 764.000000
0.000150 562.000000
0.000150 657.000000
0.000150 945.000000
0.000150 605.000000
0.000150 838.000000
0.000149 1016.000000
0.000149 914.000000
0.000149 1051.000000
0.000148 868.000000
0.000147 599.000000
0.000147 936.000000
0.000147 792.000000
0.000147 491.000000
0.000147 615.000000
0.000147 609.000000
0.000146 1026.000000
0.000145 398.000000
0.000145 826.000000
0.000144 347.000000
0.000144 903.000000
0.000144 622.000000
0.000144 648.000000
0.000143 591.000000
0.000143 920.000000
0.000143 715.000000
0.000143 404.000000
0.000142 951.000000
0.000142 969.000000
0.000142 847.000000
0.000142 858.000000
0.000142 643.000000
0.000140 995.000000
0.000139 720.000000
0.000138 275.000000
0.000137 897.000000
0.000137 859.000000
0.000136 848.000000
0.000135 789.000000
0.000135 1005.000000
0.000133 823.000000
0.000133 402.000000
0.000133 589.000000
0.000132 318.000000
0.000131 527.000000
0.000130 966.000000
0.000130 1040.000000
0.000129 784.000000
0.000128 865.000000
0.000127 735.000000
0.000127 912.000000
0.000127 890.000000
0.000126 939.000000
0.000126 850.000000
0.000126 807.000000
0.000126 640.000000
0.000126 535.000000
0.000125 574.000000
0.000125 197.000000
0.000124 894.000000
0.000123 483.000000
0.000123 743.000000
0.000123 1017.000000
0.000123 1011.000000
0.000122 587.000000
0.000122 600.000000
0.000122 667.000000
0.000118 1046.000000
0.000118 771.000000
0.000117 646.000000
0.000117 563.000000
0.000117 902.000000
0.000117 572.000000
0.000117 396.000000
0.000116 212.000000
0.000116 986.000000
0.000115 588.000000
0.000114 650.000000
0.000114 825.000000
0.000113 703.000000
0.000113 770.000000
0.000112 729.000000
0.000112 342.000000
0.000111 1045.000000
0.000111 974.000000
0.000111 881.000000
0.000111 916.000000
0.000110 659.000000
0.000110 996.000000
0.000110 946.000000
0.000110 489.000000
0.000110 776.000000
0.000109 842.000000
0.000108 852.000000
0.000108 611.000000
0.000108 977.000000
0.000108 846.000000
0.000107 988.000000
0.000106 676.000000
0.000106 849.000000
0.000106 900.000000
0.000106 942.000000
0.000105 991.000000
0.000104 1003.000000
0.000104 1010.000000
0.000104 1038.000000
0.000103 737.000000
0.000101 475.000000
0.000101 474.000000
0.000097 891.000000
0.000096 901.000000
0.000096 596.000000
0.000096 384.000000
0.000095 534.000000
0.000094 960.000000
0.000093 856.000000
0.000093 898.000000
0.000093 869.000000
0.000091 984.000000
0.000091 785.000000
0.000091 949.000000
0.000090 925.000000
0.000090 1023.000000
0.000089 953.000000
0.000089 954.000000
0.000086 280.000000
0.000085 478.000000
0.000085 993.000000
0.000085 463.000000
0.000085 780.000000
0.000083 1042.000000
0.000082 1024.000000
0.000080 987.000000
0.000080 877.000000
0.000078 432.000000
0.000077 582.000000
0.000077 778.000000
0.000076 855.000000
0.000076 584.000000
0.000076 948.000000
0.000075 861.000000
0.000075 1049.000000
0.000075 1035.000000
0.000074 992.000000
0.000073 382.000000
0.000072 315.000000
0.000071 882.000000
0.000071 952.000000
0.000071 1034.000000
0.000071 841.000000
0.000068 1039.000000
0.000066 1037.000000
0.000066 728.000000
0.000065 854.000000
0.000065 904.000000
0.000063 594.000000
0.000061 685.000000
0.000061 998.000000
0.000060 971.000000
0.000060 567.000000
0.000060 968.000000
0.000059 1019.000000
0.000058 1050.000000
0.000058 1015.000000
0.000058 769.000000
0.000057 1036.000000
0.000057 1025.000000
0.000056 610.000000
0.000055 619.000000
0.000054 1031.000000
0.000053 961.000000
0.000052 451.000000
0.000052 678.000000
0.000051 1022.000000
0.000051 652.000000
0.000051 616.000000
0.000050 829.000000
0.000048 932.000000
0.000047 637.000000
0.000047 1008.000000
0.000046 938.000000
0.000045 772.000000
0.000043 923.000000
0.000042 955.000000
0.000041 761.000000
0.000041 937.000000
0.000038 915.000000
0.000038 393.000000
0.000038 1041.000000
0.000037 766.000000
0.000035 1002.000000
0.000033 1033.000000
0.000032 863.000000
0.000030 614.000000
0.000029 1029.000000
0.000028 647.000000
0.000028 1047.000000
0.000025 1018.000000
0.000025 982.000000
0.000025 1009.000000
0.000022 1007.000000
0.000015 1013.000000
0.000014 98.000000
0.000006 194.000000
0.000005 944.000000
0.000003 959.000000
0.000000 1048.000000
