0.025689 6.000000
0.019365 18.000000
0.019223 13.000000
0.018375 37.000000
0.017178 8.000000
0.016637 11.000000
0.014544 2.000000
0.012530 5.000000
0.011838 91.000000
0.011462 24.000000
0.011322 3.000000
0.010162 39.000000
0.009856 109.000000
0.009788 7.000000
0.009553 14.000000
0.009492 20.000000
0.009409 9.000000
0.009356 27.000000
0.009293 28.000000
0.008968 30.000000
0.008352 49.000000
0.007963 17.000000
0.006621 65.000000
0.006526 36.000000
0.006510 4.000000
0.006466 84.000000
0.006436 19.000000
0.006217 87.000000
0.005899 31.000000
0.005805 224.000000
0.005674 52.000000
0.005593 106.000000
0.005474 314.000000
0.005347 116.000000
0.005315 112.000000
0.005296 133.000000
0.005278 71.000000
0.005257 72.000000
0.005064 61.000000
0.005026 191.000000
0.004993 163.000000
0.004985 160.000000
0.004861 0.000000
0.004797 414.000000
0.004768 32.000000
0.004680 363.000000
0.004588 135.000000
0.004580 164.000000
0.004448 162.000000
0.004428 51.000000
0.004368 29.000000
0.004329 22.000000
0.004254 25.000000
0.004243 45.000000
0.004179 58.000000
0.004050 151.000000
0.004011 15.000000
0.003903 62.000000
0.003901 67.000000
0.003872 88.000000
0.003821 43.000000
0.003818 108.000000
0.003667 90.000000
0.003648 59.000000
0.003594 23.000000
0.003503 459.000000
0.003376 56.000000
0.003317 105.000000
0.003281 141.000000
0.003210 180.000000
0.003206 155.000000
0.003184 321.000000
0.003158 38.000000
0.003094 53.000000
0.003091 276.000000
0.003021 34.000000
0.002935 42.000000
0.002930 377.000000
0.002930 66.000000
0.002911 77.000000
0.002883 130.000000
0.002857 16.000000
0.002819 93.000000
0.002756 97.000000
0.002705 74.000000
0.002704 57.000000
0.002667 193.000000
0.002652 296.000000
0.002579 10.000000
0.002555 495.000000
0.002540 161.000000
0.002435 99.000000
0.002410 310.000000
0.002352 1.000000
0.002332 288.000000
0.002330 85.000000
0.002329 172.000000
0.002312 266.000000
0.002299 343.000000
0.002239 82.000000
0.002231 81.000000
0.002164 174.000000
0.002135 60.000000
0.002111 291.000000
0.002110 47.000000
0.002073 158.000000
0.002072 513.000000
0.002058 41.000000
0.002051 153.000000
0.001978 44.000000
0.001976 711.000000
0.001958 104.000000
0.001947 126.000000
0.001924 123.000000
0.001867 442.000000
0.001865 788.000000
0.001856 101.000000
0.001852 102.000000
0.001833 159.000000
0.001782 446.000000
0.001768 76.000000
0.001766 118.000000
0.001763 89.000000
0.001721 243.000000
0.001683 323.000000
0.001674 365.000000
0.001648 127.000000
0.001647 33.000000
0.001643 139.000000
0.001638 307.000000
0.001636 206.000000
0.001620 286.000000
0.001601 169.000000
0.001600 175.000000
0.001590 238.000000
0.001582 781.000000
0.001552 140.000000
0.001538 230.000000
0.001536 40.000000
0.001536 188.000000
0.001510 688.000000
0.001508 223.000000
0.001490 429.000000
0.001479 812.000000
0.001466 480.000000
0.001466 211.000000
0.001466 254.000000
0.001461 356.000000
0.001453 222.000000
0.001425 185.000000
0.001421 762.000000
0.001417 79.000000
0.001406 448.000000
0.001404 137.000000
0.001403 119.000000
0.001325 360.000000
0.001304 26.000000
0.001300 336.000000
0.001275 358.000000
0.001274 415.000000
0.001262 120.000000
0.001248 94.000000
0.001243 319.000000
0.001238 332.000000
0.001211 397.000000
0.001189 132.000000
0.001185 263.000000
0.001182 520.000000
0.001177 54.000000
0.001172 195.000000
0.001168 301.000000
0.001157 400.000000
0.001144 401.000000
0.001138 252.000000
0.001116 192.000000
0.001116 50.000000
0.001110 334.000000
0.001098 242.000000
0.001092 246.000000
0.001088 325.000000
0.001084 70.000000
0.001080 290.000000
0.001070 170.000000
0.001065 35.000000
0.001060 361.000000
0.001060 124.000000
0.001049 306.000000
0.001038 166.000000
0.001027 229.000000
0.001021 63.000000
0.001017 340.000000
0.001015 512.000000
0.001008 95.000000
0.000993 449.000000
0.000980 157.000000
0.000975 80.000000
0.000971 73.000000
0.000968 103.000000
0.000954 190.000000
0.000911 411.000000
0.000904 973.000000
0.000893 149.000000
0.000893 251.000000
0.000893 378.000000
0.000892 215.000000
0.000864 774.000000
0.000857 171.000000
0.000857 147.000000
0.000856 598.000000
0.000850 796.000000
0.000850 639.000000
0.000849 111.000000
0.000843 131.000000
0.000841 561.000000
0.000840 750.000000
0.000837 202.000000
0.000835 798.000000
0.000831 21.000000
0.000824 522.000000
0.000818 344.000000
0.000816 997.000000
0.000813 136.000000
0.000796 255.000000
0.000793 295.000000
0.000793 134.000000
0.000789 78.000000
0.000789 834.000000
0.000786 626.000000
0.000785 258.000000
0.000777 579.000000
0.000775 671.000000
0.000772 265.000000
0.000765 357.000000
0.000762 214.000000
0.000757 302.000000
0.000756 494.000000
0.000753 267.000000
0.000750 189.000000
0.000749 476.000000
0.000746 508.000000
0.000744 352.000000
0.000744 110.000000
0.000743 181.000000
0.000743 892.000000
0.000743 633.000000
0.000741 122.000000
0.000737 368.000000
0.000735 218.000000
0.000733 804.000000
0.000731 231.000000
0.000730 568.000000
0.000728 679.000000
0.000721 578.000000
0.000716 641.000000
0.000716 434.000000
0.000711 182.000000
0.000709 348.000000
0.000709 374.000000
0.000705 129.000000
0.000702 666.000000
0.000699 455.000000
0.000699 279.000000
0.000689 138.000000
0.000687 473.000000
0.000685 64.000000
0.000683 117.000000
0.000682 551.000000
0.000679 521.000000
0.000678 114.000000
0.000676 146.000000
0.000674 418.000000
0.000664 395.000000
0.000663 560.000000
0.000662 203.000000
0.000661 827.000000
0.000660 661.000000
0.000656 460.000000
0.000653 387.000000
0.000653 142.000000
0.000648 303.000000
0.000645 364.000000
0.000645 721.000000
0.000644 408.000000
0.000643 201.000000
0.000641 83.000000
0.000640 794.000000
0.000635 526.000000
0.000634 48.000000
0.000621 200.000000
0.000621 518.000000
0.000620 55.000000
0.000616 417.000000
0.000613 627.000000
0.000612 183.000000
0.000606 500.000000
0.000604 420.000000
0.000601 350.000000
0.000599 278.000000
0.000595 187.000000
0.000594 503.000000
0.000588 443.000000
0.000586 46.000000
0.000586 371.000000
0.000583 96.000000
0.000581 481.000000
0.000576 757.000000
0.000575 790.000000
0.000571 498.000000
0.000569 833.000000
0.000567 292.000000
0.000564 148.000000
0.000563 664.000000
0.000563 529.000000
0.000563 198.000000
0.000562 760.000000
0.000559 524.000000
0.000558 511.000000
0.000558 756.000000
0.000558 485.000000
0.000558 100.000000
0.000555 602.000000
0.000554 196.000000
0.000552 717.000000
0.000551 268.000000
0.000550 617.000000
0.000549 394.000000
0.000548 832.000000
0.000545 612.000000
0.000542 328.000000
0.000539 272.000000
0.000537 895.000000
0.000536 556.000000
0.000535 530.000000
0.000534 107.000000
0.000533 866.000000
0.000531 682.000000
0.000530 575.000000
0.000529 373.000000
0.000526 125.000000
0.000526 525.000000
0.000524 718.000000
0.000524 75.000000
0.000521 779.000000
0.000521 1001.000000
0.000518 284.000000
0.000517 234.000000
0.000512 173.000000
0.000510 595.000000
0.000510 208.000000
0.000507 549.000000
0.000506 113.000000
0.000504 274.000000
0.000503 552.000000
0.000502 298.000000
0.000499 372.000000
0.000496 145.000000
0.000494 541.000000
0.000493 178.000000
0.000493 326.000000
0.000492 271.000000
0.000490 468.000000
0.000489 461.000000
0.000487 488.000000
0.000487 322.000000
0.000484 233.000000
0.000483 759.000000
0.000483 297.000000
0.000483 800.000000
0.000482 204.000000
0.000480 421.000000
0.000479 922.000000
0.000472 1030.000000
0.000471 69.000000
0.000470 645.000000
0.000469 557.000000
0.000466 687.000000
0.000464 700.000000
0.000463 514.000000
0.000458 329.000000
0.000454 186.000000
0.000453 980.000000
0.000450 723.000000
0.000447 179.000000
0.000444 709.000000
0.000443 497.000000
0.000441 281.000000
0.000440 994.000000
0.000440 324.000000
0.000437 235.000000
0.000437 331.000000
0.000437 660.000000
0.000436 388.000000
0.000433 482.000000
0.000432 836.000000
0.000431 734.000000
0.000427 270.000000
0.000427 618.000000
0.000426 264.000000
0.000424 857.000000
0.000421 232.000000
0.000421 490.000000
0.000420 425.000000
0.000418 867.000000
0.000418 592.000000
0.000416 876.000000
0.000415 469.000000
0.000415 248.000000
0.000413 845.000000
0.000411 539.000000
0.000411 385.000000
0.000410 706.000000
0.000410 216.000000
0.000410 1027.000000
0.000407 731.000000
0.000406 221.000000
0.000406 628.000000
0.000405 509.000000
0.000404 427.000000
0.000403 741.000000
0.000401 486.000000
0.000398 499.000000
0.000397 929.000000
0.000394 708.000000
0.000392 337.000000
0.000391 773.000000
0.000390 247.000000
0.000390 547.000000
0.000390 121.000000
0.000389 930.000000
0.000389 269.000000
0.000389 746.000000
0.000389 744.000000
0.000388 502.000000
0.000387 625.000000
0.000387 1004.000000
0.000386 506.000000
0.000386 886.000000
0.000385 479.000000
0.000385 576.000000
0.000384 381.000000
0.000381 883.000000
0.000381 975.000000
0.000379 209.000000
0.000379 282.000000
0.000376 426.000000
0.000375 887.000000
0.000374 466.000000
0.000373 380.000000
0.000372 312.000000
0.000368 355.000000
0.000368 165.000000
0.000366 893.000000
0.000366 458.000000
0.000366 144.000000
0.000365 335.000000
0.000364 517.000000
0.000364 906.000000
0.000363 289.000000
0.000361 940.000000
0.000359 308.000000
0.000359 635.000000
0.000358 542.000000
0.000357 803.000000
0.000357 710.000000
0.000357 871.000000
0.000356 608.000000
0.000355 416.000000
0.000353 795.000000
0.000353 686.000000
0.000353 581.000000
0.000352 967.000000
0.000350 464.000000
0.000350 370.000000
0.000350 375.000000
0.000349 683.000000
0.000348 330.000000
0.000347 896.000000
0.000347 309.000000
0.000346 604.000000
0.000346 413.000000
0.000345 655.000000
0.000344 656.000000
0.000344 537.000000
0.000344 631.000000
0.000343 970.000000
0.000343 1028.000000
0.000343 392.000000
0.000343 714.000000
0.000343 454.000000
0.000341 226.000000
0.000341 739.000000
0.000341 531.000000
0.000341 623.000000
0.000340 874.000000
0.000337 638.000000
0.000337 716.000000
0.000336 423.000000
0.000336 496.000000
0.000336 736.000000
0.000335 293.000000
0.000334 1032.000000
0.000334 412.000000
0.000334 287.000000
0.000334 768.000000
0.000331 620.000000
0.000329 875.000000
0.000329 450.000000
0.000328 782.000000
0.000326 799.000000
0.000326 653.000000
0.000325 156.000000
0.000325 963.000000
0.000323 775.000000
0.000323 399.000000
0.000322 341.000000
0.000322 673.000000
0.000322 359.000000
0.000322 444.000000
0.000322 379.000000
0.000321 543.000000
0.000321 999.000000
0.000321 447.000000
0.000321 684.000000
0.000321 704.000000
0.000321 889.000000
0.000319 390.000000
0.000318 1014.000000
0.000316 870.000000
0.000316 822.000000
0.000314 484.000000
0.000314 227.000000
0.000314 184.000000
0.000314 241.000000
0.000313 873.000000
0.000313 453.000000
0.000313 719.000000
0.000311 933.000000
0.000311 675.000000
0.000311 597.000000
0.000308 152.000000
0.000307 690.000000
0.000307 536.000000
0.000307 740.000000
0.000307 143.000000
0.000307 694.000000
0.000306 237.000000
0.000305 320.000000
0.000305 199.000000
0.000304 367.000000
0.000304 440.000000
0.000302 884.000000
0.000301 644.000000
0.000300 220.000000
0.000300 424.000000
0.000299 245.000000
0.000298 435.000000
0.000296 777.000000
0.000295 697.000000
0.000295 985.000000
0.000294 629.000000
0.000294 965.000000
0.000293 236.000000
0.000293 702.000000
0.000293 540.000000
0.000292 285.000000
0.000292 487.000000
0.000292 225.000000
0.000291 1044.000000
0.000291 389.000000
0.000291 580.000000
0.000291 880.000000
0.000290 168.000000
0.000290 908.000000
0.000289 528.000000
0.000289 207.000000
0.000289 313.000000
0.000288 566.000000
0.000288 213.000000
0.000286 261.000000
0.000286 713.000000
0.000286 519.000000
0.000285 428.000000
0.000283 376.000000
0.000283 899.000000
0.000283 802.000000
0.000283 68.000000
0.000282 219.000000
0.000282 573.000000
0.000282 815.000000
0.000282 403.000000
0.000281 470.000000
0.000280 724.000000
0.000280 603.000000
0.000279 383.000000
0.000278 115.000000
0.000278 699.000000
0.000277 437.000000
0.000276 438.000000
0.000276 409.000000
0.000275 369.000000
0.000275 813.000000
0.000274 797.000000
0.000274 613.000000
0.000274 844.000000
0.000274 304.000000
0.000273 257.000000
0.000273 606.000000
0.000273 765.000000
0.000272 366.000000
0.000271 1043.000000
0.000271 456.000000
0.000271 391.000000
0.000270 128.000000
0.000269 546.000000
0.000269 931.000000
0.000269 317.000000
0.000269 244.000000
0.000268 649.000000
0.000268 976.000000
0.000267 472.000000
0.000265 433.000000
0.000264 523.000000
0.000264 783.000000
0.000264 305.000000
0.000263 553.000000
0.000263 817.000000
0.000261 86.000000
0.000261 872.000000
0.000259 92.000000
0.000259 590.000000
0.000258 386.000000
0.000257 571.000000
0.000257 918.000000
0.000256 300.000000
0.000256 758.000000
0.000256 665.000000
0.000255 733.000000
0.000255 346.000000
0.000254 663.000000
0.000254 154.000000
0.000254 419.000000
0.000253 492.000000
0.000253 493.000000
0.000253 471.000000
0.000253 662.000000
0.000252 349.000000
0.000250 632.000000
0.000249 294.000000
0.000249 642.000000
0.000249 262.000000
0.000249 752.000000
0.000248 793.000000
0.000248 919.000000
0.000247 830.000000
0.000247 674.000000
0.000246 730.000000
0.000246 353.000000
0.000244 921.000000
0.000244 806.000000
0.000244 436.000000
0.000244 217.000000
0.000242 505.000000
0.000242 601.000000
0.000242 457.000000
0.000241 176.000000
0.000240 253.000000
0.000239 808.000000
0.000239 354.000000
0.000238 345.000000
0.000238 501.000000
0.000238 814.000000
0.000238 732.000000
0.000237 544.000000
0.000237 465.000000
0.000236 689.000000
0.000236 559.000000
0.000235 565.000000
0.000234 888.000000
0.000233 753.000000
0.000232 692.000000
0.000232 990.000000
0.000231 439.000000
0.000230 510.000000
0.000226 405.000000
0.000226 805.000000
0.000225 570.000000
0.000225 943.000000
0.000224 406.000000
0.000224 462.000000
0.000224 957.000000
0.000224 670.000000
0.000223 696.000000
0.000222 256.000000
0.000220 853.000000
0.000219 1000.000000
0.000218 672.000000
0.000218 698.000000
0.000217 767.000000
0.000217 828.000000
0.000216 941.000000
0.000216 273.000000
0.000216 277.000000
0.000216 947.000000
0.000216 621.000000
0.000215 816.000000
0.000214 624.000000
0.000214 810.000000
0.000211 860.000000
0.000210 677.000000
0.000209 339.000000
0.000209 564.000000
0.000209 654.000000
0.000207 658.000000
0.000207 680.000000
0.000207 786.000000
0.000205 558.000000
0.000204 885.000000
0.000204 958.000000
0.000204 972.000000
0.000204 989.000000
0.000204 634.000000
0.000203 12.000000
0.000203 1020.000000
0.000203 831.000000
0.000202 636.000000
0.000202 431.000000
0.000202 791.000000
0.000202 311.000000
0.000202 755.000000
0.000202 738.000000
0.000201 651.000000
0.000201 909.000000
0.000200 150.000000
0.000200 821.000000
0.000199 707.000000
0.000198 851.000000
0.000198 924.000000
0.000197 748.000000
0.000197 722.000000
0.000196 964.000000
0.000196 259.000000
0.000196 228.000000
0.000195 532.000000
0.000195 727.000000
0.000194 583.000000
0.000194 695.000000
0.000193 839.000000
0.000193 801.000000
0.000193 316.000000
0.000192 477.000000
0.000192 586.000000
0.000191 754.000000
0.000191 515.000000
0.000190 1006.000000
0.000189 577.000000
0.000188 811.000000
0.000187 239.000000
0.000187 249.000000
0.000186 607.000000
0.000186 422.000000
0.000186 983.000000
0.000185 950.000000
0.000185 928.000000
0.000184 864.000000
0.000184 445.000000
0.000183 548.000000
0.000183 240.000000
0.000182 905.000000
0.000182 917.000000
0.000182 979.000000
0.000181 538.000000
0.000181 351.000000
0.000181 205.000000
0.000180 907.000000
0.000179 701.000000
0.000179 819.000000
0.000179 545.000000
0.000177 745.000000
0.000177 962.000000
0.000177 835.000000
0.000177 749.000000
0.000177 467.000000
0.000176 504.000000
0.000176 763.000000
0.000175 751.000000
0.000175 569.000000
0.000175 441.000000
0.000175 167.000000
0.000175 926.000000
0.000174 820.000000
0.000173 934.000000
0.000172 843.000000
0.000172 177.000000
0.000172 705.000000
0.000170 1021.000000
0.000170 840.000000
0.000170 818.000000
0.000169 824.000000
0.000169 555.000000
0.000169 516.000000
0.000169 747.000000
0.000168 691.000000
0.000168 862.000000
0.000168 927.000000
0.000168 726.000000
0.000167 327.000000
0.000167 681.000000
0.000166 742.000000
0.000166 283.000000
0.000166 911.000000
0.000166 693.000000
0.000166 430.000000
0.000165 260.000000
0.000164 338.000000
0.000163 879.000000
0.000163 956.000000
0.000162 410.000000
0.000162 669.000000
0.000162 668.000000
0.000162 585.000000
0.000162 362.000000
0.000161 250.000000
0.000161 878.000000
0.000161 837.000000
0.000160 407.000000
0.000159 809.000000
0.000158 913.000000
0.000158 533.000000
0.000158 630.000000
0.000158 1012.000000
0.000157 333.000000
0.000157 787.000000
0.000156 981.000000
0.000156 210.000000
0.000155 554.000000
0.000155 935.000000
0.000154 593.000000
0.000154 299.000000
0.000153 398.000000
0.000152 507.000000
0.000152 712.000000
0.000151 945.000000
0.000150 562.000000
0.000150 452.000000
0.000150 605.000000
0.000150 657.000000
0.000149 914.000000
0.000149 1051.000000
0.000149 491.000000
0.000149 764.000000
0.000149 550.000000
0.000148 1016.000000
0.000148 725.000000
0.000148 599.000000
0.000147 792.000000
0.000147 591.000000
0.000147 868.000000
0.000147 936.000000
0.000146 903.000000
0.000146 978.000000
0.000145 609.000000
0.000145 615.000000
0.000145 826.000000
0.000144 622.000000
0.000144 920.000000
0.000144 648.000000
0.000143 910.000000
0.000143 347.000000
0.000143 404.000000
0.000142 951.000000
0.000142 838.000000
0.000142 847.000000
0.000142 643.000000
0.000141 858.000000
0.000141 720.000000
0.000141 859.000000
0.000141 715.000000
0.000141 1026.000000
0.000141 995.000000
0.000140 969.000000
0.000137 848.000000
0.000137 275.000000
0.000135 1005.000000
0.000135 897.000000
0.000134 966.000000
0.000134 402.000000
0.000133 789.000000
0.000133 318.000000
0.000133 823.000000
0.000132 589.000000
0.000131 527.000000
0.000131 1040.000000
0.000129 784.000000
0.000128 865.000000
0.000127 890.000000
0.000127 912.000000
0.000127 735.000000
0.000127 574.000000
0.000127 850.000000
0.000126 640.000000
0.000126 197.000000
0.000126 939.000000
0.000126 807.000000
0.000126 1011.000000
0.000125 483.000000
0.000124 535.000000
0.000123 1017.000000
0.000123 894.000000
0.000122 600.000000
0.000122 743.000000
0.000122 667.000000
0.000120 1046.000000
0.000120 587.000000
0.000118 771.000000
0.000117 646.000000
0.000117 572.000000
0.000117 396.000000
0.000117 563.000000
0.000116 902.000000
0.000116 986.000000
0.000115 212.000000
0.000115 588.000000
0.000114 825.000000
0.000113 729.000000
0.000113 770.000000
0.000112 703.000000
0.000112 1045.000000
0.000111 974.000000
0.000111 916.000000
0.000110 650.000000
0.000110 776.000000
0.000110 489.000000
0.000110 659.000000
0.000109 611.000000
0.000109 842.000000
0.000109 996.000000
0.000108 852.000000
0.000108 946.000000
0.000108 900.000000
0.000107 846.000000
0.000106 849.000000
0.000106 942.000000
0.000106 881.000000
0.000106 1003.000000
0.000106 991.000000
0.000106 988.000000
0.000105 342.000000
0.000104 1010.000000
0.000104 676.000000
0.000103 1038.000000
0.000103 737.000000
0.000103 977.000000
0.000101 474.000000
0.000099 953.000000
0.000097 384.000000
0.000097 891.000000
0.000096 596.000000
0.000096 901.000000
0.000095 534.000000
0.000094 984.000000
0.000093 475.000000
0.000093 869.000000
0.000092 785.000000
0.000091 960.000000
0.000091 925.000000
0.000091 856.000000
0.000090 898.000000
0.000088 949.000000
0.000088 954.000000
0.000087 1023.000000
0.000086 1042.000000
0.000086 993.000000
0.000086 280.000000
0.000085 478.000000
0.000085 780.000000
0.000085 1024.000000
0.000084 463.000000
0.000080 877.000000
0.000078 432.000000
0.000078 952.000000
0.000078 861.000000
0.000077 987.000000
0.000077 582.000000
0.000077 778.000000
0.000077 1049.000000
0.000076 584.000000
0.000076 855.000000
0.000076 948.000000
0.000076 1035.000000
0.000075 992.000000
0.000073 315.000000
0.000073 382.000000
0.000072 1034.000000
0.000071 882.000000
0.000069 728.000000
0.000068 1039.000000
0.000066 1037.000000
0.000066 854.000000
0.000064 904.000000
0.000063 594.000000
0.000063 841.000000
0.000062 685.000000
0.000060 567.000000
0.000060 971.000000
0.000060 968.000000
0.000060 998.000000
0.000058 1019.000000
0.000058 769.000000
0.000057 1050.000000
0.000057 1025.000000
0.000057 1036.000000
0.000056 610.000000
0.000056 1015.000000
0.000054 619.000000
0.000053 961.000000
0.000053 829.000000
0.000052 678.000000
0.000051 451.000000
0.000051 616.000000
0.000051 1022.000000
0.000049 1031.000000
0.000049 652.000000
0.000048 932.000000
0.000047 637.000000
0.000047 1008.000000
0.000046 938.000000
0.000045 772.000000
0.000044 923.000000
0.000043 955.000000
0.000042 761.000000
0.000041 937.000000
0.000038 915.000000
0.000038 393.000000
0.000037 1041.000000
0.000037 766.000000
0.000035 1002.000000
0.000033 1033.000000
0.000032 863.000000
0.000029 614.000000
0.000029 1029.000000
0.000028 647.000000
0.000027 1047.000000
0.000025 1009.000000
0.000025 1018.000000
0.000025 982.000000
0.000023 1007.000000
0.000016 1013.000000
0.000013 98.000000
0.000006 194.000000
0.000005 944.000000
0.000004 959.000000
0.000000 1048.000000
