0.025739 6.000000
0.019387 18.000000
0.019347 13.000000
0.018170 37.000000
0.017258 8.000000
0.016661 11.000000
0.014524 2.000000
0.012529 5.000000
0.011878 91.000000
0.011447 24.000000
0.011318 3.000000
0.010144 39.000000
0.009876 109.000000
0.009755 7.000000
0.009487 20.000000
0.009433 14.000000
0.009427 9.000000
0.009423 28.000000
0.009377 27.000000
0.009032 30.000000
0.008242 49.000000
0.008024 17.000000
0.006613 65.000000
0.006604 36.000000
0.006465 19.000000
0.006445 84.000000
0.006322 87.000000
0.006150 4.000000
0.005808 31.000000
0.005637 52.000000
0.005587 314.000000
0.005540 106.000000
0.005537 224.000000
0.005372 133.000000
0.005322 112.000000
0.005319 72.000000
0.005251 71.000000
0.005177 116.000000
0.005111 61.000000
0.005090 191.000000
0.004963 160.000000
0.004919 0.000000
0.004912 163.000000
0.004795 414.000000
0.004692 32.000000
0.004669 363.000000
0.004660 135.000000
0.004595 164.000000
0.004466 162.000000
0.004430 51.000000
0.004387 22.000000
0.004334 29.000000
0.004243 45.000000
0.004209 25.000000
0.004104 151.000000
0.004103 58.000000
0.004032 15.000000
0.003891 88.000000
0.003871 67.000000
0.003865 62.000000
0.003824 108.000000
0.003762 43.000000
0.003648 90.000000
0.003607 59.000000
0.003596 23.000000
0.003466 459.000000
0.003385 105.000000
0.003366 56.000000
0.003301 141.000000
0.003188 155.000000
0.003170 180.000000
0.003135 53.000000
0.003116 321.000000
0.003114 38.000000
0.003097 276.000000
0.003053 34.000000
0.002969 66.000000
0.002917 77.000000
0.002895 377.000000
0.002893 130.000000
0.002887 42.000000
0.002853 16.000000
0.002821 93.000000
0.002787 97.000000
0.002759 57.000000
0.002714 74.000000
0.002679 10.000000
0.002673 193.000000
0.002665 296.000000
0.002582 495.000000
0.002540 161.000000
0.002453 99.000000
0.002409 310.000000
0.002368 172.000000
0.002347 343.000000
0.002342 85.000000
0.002340 266.000000
0.002340 1.000000
0.002314 288.000000
0.002226 82.000000
0.002225 81.000000
0.002175 60.000000
0.002139 158.000000
0.002120 291.000000
0.002104 513.000000
0.002062 47.000000
0.002027 153.000000
0.002027 41.000000
0.001994 174.000000
0.001987 711.000000
0.001980 126.000000
0.001959 104.000000
0.001946 44.000000
0.001908 123.000000
0.001865 442.000000
0.001858 788.000000
0.001828 102.000000
0.001827 446.000000
0.001817 159.000000
0.001776 76.000000
0.001771 118.000000
0.001750 89.000000
0.001726 243.000000
0.001722 101.000000
0.001698 323.000000
0.001675 365.000000
0.001663 33.000000
0.001660 206.000000
0.001656 127.000000
0.001655 139.000000
0.001643 307.000000
0.001606 238.000000
0.001605 40.000000
0.001600 781.000000
0.001597 169.000000
0.001586 175.000000
0.001568 230.000000
0.001562 140.000000
0.001543 188.000000
0.001535 429.000000
0.001532 286.000000
0.001526 211.000000
0.001522 762.000000
0.001516 223.000000
0.001511 254.000000
0.001510 688.000000
0.001460 222.000000
0.001460 356.000000
0.001459 812.000000
0.001455 480.000000
0.001432 79.000000
0.001422 448.000000
0.001414 137.000000
0.001410 185.000000
0.001388 119.000000
0.001323 360.000000
0.001299 26.000000
0.001291 336.000000
0.001276 120.000000
0.001274 358.000000
0.001273 415.000000
0.001256 94.000000
0.001225 319.000000
0.001221 397.000000
0.001204 332.000000
0.001183 132.000000
0.001174 195.000000
0.001170 54.000000
0.001167 400.000000
0.001165 263.000000
0.001158 520.000000
0.001145 301.000000
0.001133 252.000000
0.001133 401.000000
0.001118 192.000000
0.001116 50.000000
0.001111 246.000000
0.001110 334.000000
0.001087 325.000000
0.001087 242.000000
0.001083 290.000000
0.001080 361.000000
0.001065 306.000000
0.001061 124.000000
0.001059 170.000000
0.001052 70.000000
0.001047 35.000000
0.001042 63.000000
0.001038 229.000000
0.001030 166.000000
0.001027 340.000000
0.001026 512.000000
0.001016 95.000000
0.000995 449.000000
0.000980 157.000000
0.000980 80.000000
0.000969 73.000000
0.000957 103.000000
0.000935 190.000000
0.000923 411.000000
0.000910 149.000000
0.000890 378.000000
0.000888 147.000000
0.000888 251.000000
0.000887 774.000000
0.000885 215.000000
0.000878 973.000000
0.000872 798.000000
0.000865 598.000000
0.000864 639.000000
0.000853 171.000000
0.000851 21.000000
0.000849 561.000000
0.000846 750.000000
0.000841 111.000000
0.000841 131.000000
0.000840 202.000000
0.000833 997.000000
0.000829 796.000000
0.000820 136.000000
0.000815 522.000000
0.000812 344.000000
0.000807 626.000000
0.000805 834.000000
0.000798 78.000000
0.000796 295.000000
0.000796 134.000000
0.000789 214.000000
0.000783 671.000000
0.000782 255.000000
0.000780 579.000000
0.000778 258.000000
0.000773 265.000000
0.000762 302.000000
0.000761 633.000000
0.000761 267.000000
0.000759 357.000000
0.000755 494.000000
0.000754 189.000000
0.000749 181.000000
0.000748 110.000000
0.000747 122.000000
0.000746 476.000000
0.000743 352.000000
0.000743 892.000000
0.000740 508.000000
0.000738 804.000000
0.000736 218.000000
0.000735 231.000000
0.000734 568.000000
0.000725 368.000000
0.000722 578.000000
0.000721 641.000000
0.000714 348.000000
0.000712 434.000000
0.000712 374.000000
0.000710 129.000000
0.000707 455.000000
0.000705 666.000000
0.000704 182.000000
0.000700 279.000000
0.000691 138.000000
0.000689 521.000000
0.000688 64.000000
0.000685 473.000000
0.000685 117.000000
0.000685 418.000000
0.000683 146.000000
0.000682 679.000000
0.000680 114.000000
0.000678 408.000000
0.000672 551.000000
0.000672 48.000000
0.000670 827.000000
0.000669 661.000000
0.000668 721.000000
0.000666 203.000000
0.000665 395.000000
0.000662 560.000000
0.000662 833.000000
0.000659 387.000000
0.000658 460.000000
0.000651 142.000000
0.000649 303.000000
0.000644 526.000000
0.000643 201.000000
0.000641 364.000000
0.000640 794.000000
0.000636 83.000000
0.000627 518.000000
0.000623 200.000000
0.000620 627.000000
0.000618 443.000000
0.000615 55.000000
0.000615 417.000000
0.000614 183.000000
0.000612 503.000000
0.000608 420.000000
0.000607 350.000000
0.000603 500.000000
0.000599 278.000000
0.000596 187.000000
0.000584 96.000000
0.000583 46.000000
0.000581 757.000000
0.000578 481.000000
0.000576 148.000000
0.000574 371.000000
0.000574 664.000000
0.000572 498.000000
0.000571 198.000000
0.000568 790.000000
0.000566 760.000000
0.000565 529.000000
0.000564 602.000000
0.000564 292.000000
0.000560 100.000000
0.000560 511.000000
0.000560 756.000000
0.000559 524.000000
0.000554 268.000000
0.000554 485.000000
0.000553 394.000000
0.000550 717.000000
0.000550 196.000000
0.000546 612.000000
0.000545 617.000000
0.000542 832.000000
0.000541 328.000000
0.000541 525.000000
0.000540 272.000000
0.000539 75.000000
0.000538 866.000000
0.000536 682.000000
0.000535 107.000000
0.000532 556.000000
0.000527 718.000000
0.000526 1001.000000
0.000525 125.000000
0.000525 895.000000
0.000522 530.000000
0.000521 284.000000
0.000520 575.000000
0.000519 234.000000
0.000518 595.000000
0.000515 274.000000
0.000514 173.000000
0.000514 779.000000
0.000509 549.000000
0.000506 113.000000
0.000505 208.000000
0.000502 552.000000
0.000498 373.000000
0.000498 178.000000
0.000496 541.000000
0.000494 372.000000
0.000493 326.000000
0.000492 145.000000
0.000492 322.000000
0.000492 298.000000
0.000492 271.000000
0.000489 297.000000
0.000487 468.000000
0.000485 1030.000000
0.000484 204.000000
0.000483 233.000000
0.000482 800.000000
0.000482 687.000000
0.000480 759.000000
0.000480 421.000000
0.000478 514.000000
0.000478 461.000000
0.000478 488.000000
0.000474 69.000000
0.000468 557.000000
0.000461 329.000000
0.000461 645.000000
0.000459 700.000000
0.000456 281.000000
0.000451 660.000000
0.000451 980.000000
0.000451 723.000000
0.000450 388.000000
0.000448 186.000000
0.000447 179.000000
0.000442 331.000000
0.000442 235.000000
0.000441 497.000000
0.000440 482.000000
0.000439 324.000000
0.000438 836.000000
0.000435 385.000000
0.000429 592.000000
0.000429 618.000000
0.000428 734.000000
0.000427 270.000000
0.000426 709.000000
0.000426 922.000000
0.000426 857.000000
0.000424 264.000000
0.000422 232.000000
0.000422 994.000000
0.000420 744.000000
0.000420 490.000000
0.000418 876.000000
0.000418 867.000000
0.000418 706.000000
0.000417 248.000000
0.000415 469.000000
0.000414 425.000000
0.000410 845.000000
0.000410 1027.000000
0.000409 731.000000
0.000409 539.000000
0.000408 929.000000
0.000408 427.000000
0.000406 221.000000
0.000406 509.000000
0.000406 628.000000
0.000406 741.000000
0.000405 930.000000
0.000400 708.000000
0.000397 486.000000
0.000396 216.000000
0.000395 499.000000
0.000394 773.000000
0.000393 121.000000
0.000391 746.000000
0.000390 547.000000
0.000390 247.000000
0.000389 506.000000
0.000388 886.000000
0.000388 502.000000
0.000387 269.000000
0.000387 1004.000000
0.000387 576.000000
0.000386 479.000000
0.000386 625.000000
0.000385 381.000000
0.000383 883.000000
0.000381 337.000000
0.000378 282.000000
0.000378 466.000000
0.000377 209.000000
0.000376 426.000000
0.000375 380.000000
0.000375 893.000000
0.000371 887.000000
0.000370 355.000000
0.000369 165.000000
0.000369 289.000000
0.000366 144.000000
0.000366 458.000000
0.000366 335.000000
0.000366 975.000000
0.000365 940.000000
0.000364 906.000000
0.000362 312.000000
0.000360 710.000000
0.000359 517.000000
0.000359 542.000000
0.000358 803.000000
0.000358 635.000000
0.000357 871.000000
0.000356 416.000000
0.000356 608.000000
0.000355 464.000000
0.000354 686.000000
0.000354 795.000000
0.000353 581.000000
0.000351 714.000000
0.000351 370.000000
0.000351 375.000000
0.000351 631.000000
0.000349 683.000000
0.000347 896.000000
0.000347 413.000000
0.000347 970.000000
0.000347 655.000000
0.000346 309.000000
0.000346 330.000000
0.000344 537.000000
0.000344 308.000000
0.000344 782.000000
0.000343 423.000000
0.000343 656.000000
0.000342 739.000000
0.000342 623.000000
0.000342 638.000000
0.000341 454.000000
0.000341 1028.000000
0.000340 604.000000
0.000339 531.000000
0.000338 226.000000
0.000337 716.000000
0.000337 293.000000
0.000337 392.000000
0.000335 736.000000
0.000335 496.000000
0.000333 874.000000
0.000333 1032.000000
0.000333 450.000000
0.000333 768.000000
0.000333 287.000000
0.000333 412.000000
0.000331 620.000000
0.000327 156.000000
0.000327 875.000000
0.000327 963.000000
0.000327 799.000000
0.000325 341.000000
0.000324 775.000000
0.000323 653.000000
0.000323 822.000000
0.000323 359.000000
0.000323 447.000000
0.000323 673.000000
0.000323 399.000000
0.000322 719.000000
0.000321 543.000000
0.000321 379.000000
0.000320 889.000000
0.000320 684.000000
0.000319 999.000000
0.000319 390.000000
0.000318 870.000000
0.000318 444.000000
0.000317 884.000000
0.000316 704.000000
0.000315 873.000000
0.000315 184.000000
0.000314 484.000000
0.000314 227.000000
0.000313 453.000000
0.000313 241.000000
0.000311 675.000000
0.000311 933.000000
0.000311 967.000000
0.000310 740.000000
0.000308 152.000000
0.000308 536.000000
0.000308 597.000000
0.000307 143.000000
0.000307 985.000000
0.000307 690.000000
0.000307 237.000000
0.000305 320.000000
0.000305 440.000000
0.000305 199.000000
0.000305 367.000000
0.000303 245.000000
0.000303 644.000000
0.000299 424.000000
0.000299 220.000000
0.000298 236.000000
0.000298 694.000000
0.000298 435.000000
0.000296 313.000000
0.000296 880.000000
0.000295 1014.000000
0.000294 285.000000
0.000294 629.000000
0.000293 702.000000
0.000293 540.000000
0.000293 389.000000
0.000293 225.000000
0.000291 580.000000
0.000290 1044.000000
0.000290 487.000000
0.000290 168.000000
0.000289 213.000000
0.000289 528.000000
0.000289 713.000000
0.000289 566.000000
0.000289 697.000000
0.000288 908.000000
0.000288 261.000000
0.000286 519.000000
0.000286 376.000000
0.000285 207.000000
0.000283 699.000000
0.000282 777.000000
0.000282 573.000000
0.000282 470.000000
0.000282 899.000000
0.000282 965.000000
0.000282 68.000000
0.000282 428.000000
0.000281 219.000000
0.000281 815.000000
0.000280 802.000000
0.000280 403.000000
0.000280 724.000000
0.000280 765.000000
0.000280 383.000000
0.000279 603.000000
0.000279 115.000000
0.000278 437.000000
0.000277 613.000000
0.000276 409.000000
0.000276 606.000000
0.000275 456.000000
0.000275 369.000000
0.000275 797.000000
0.000274 304.000000
0.000274 257.000000
0.000274 844.000000
0.000273 1043.000000
0.000273 813.000000
0.000272 366.000000
0.000272 931.000000
0.000271 391.000000
0.000271 438.000000
0.000271 128.000000
0.000270 546.000000
0.000268 817.000000
0.000267 244.000000
0.000266 472.000000
0.000266 649.000000
0.000265 433.000000
0.000265 553.000000
0.000264 317.000000
0.000263 86.000000
0.000263 783.000000
0.000263 305.000000
0.000262 349.000000
0.000261 872.000000
0.000261 918.000000
0.000261 590.000000
0.000261 523.000000
0.000260 665.000000
0.000258 386.000000
0.000258 92.000000
0.000258 571.000000
0.000257 758.000000
0.000256 300.000000
0.000256 793.000000
0.000255 154.000000
0.000255 471.000000
0.000255 492.000000
0.000254 733.000000
0.000254 493.000000
0.000253 662.000000
0.000253 663.000000
0.000252 262.000000
0.000251 419.000000
0.000251 346.000000
0.000250 294.000000
0.000249 217.000000
0.000249 976.000000
0.000248 752.000000
0.000248 919.000000
0.000248 642.000000
0.000248 632.000000
0.000247 353.000000
0.000247 830.000000
0.000247 730.000000
0.000247 674.000000
0.000245 436.000000
0.000243 176.000000
0.000241 921.000000
0.000241 505.000000
0.000240 354.000000
0.000240 601.000000
0.000240 253.000000
0.000239 457.000000
0.000239 808.000000
0.000239 565.000000
0.000238 732.000000
0.000238 345.000000
0.000238 544.000000
0.000238 814.000000
0.000238 501.000000
0.000238 559.000000
0.000237 689.000000
0.000235 465.000000
0.000234 753.000000
0.000234 888.000000
0.000233 767.000000
0.000232 439.000000
0.000232 692.000000
0.000230 990.000000
0.000229 510.000000
0.000228 696.000000
0.000226 670.000000
0.000226 405.000000
0.000226 406.000000
0.000225 957.000000
0.000224 462.000000
0.000224 805.000000
0.000221 943.000000
0.000221 256.000000
0.000221 570.000000
0.000220 853.000000
0.000219 1000.000000
0.000219 947.000000
0.000218 672.000000
0.000218 860.000000
0.000217 698.000000
0.000216 941.000000
0.000216 621.000000
0.000215 277.000000
0.000215 624.000000
0.000215 273.000000
0.000214 816.000000
0.000213 810.000000
0.000212 828.000000
0.000210 677.000000
0.000209 564.000000
0.000209 654.000000
0.000208 786.000000
0.000208 658.000000
0.000207 680.000000
0.000205 558.000000
0.000205 885.000000
0.000204 806.000000
0.000204 958.000000
0.000204 972.000000
0.000203 634.000000
0.000203 12.000000
0.000203 831.000000
0.000202 738.000000
0.000202 311.000000
0.000202 636.000000
0.000201 651.000000
0.000201 989.000000
0.000201 339.000000
0.000200 150.000000
0.000200 707.000000
0.000199 431.000000
0.000199 821.000000
0.000199 851.000000
0.000198 755.000000
0.000198 924.000000
0.000197 722.000000
0.000197 748.000000
0.000196 583.000000
0.000196 1020.000000
0.000196 964.000000
0.000196 228.000000
0.000196 791.000000
0.000195 727.000000
0.000195 532.000000
0.000195 259.000000
0.000193 801.000000
0.000193 477.000000
0.000192 839.000000
0.000192 586.000000
0.000191 695.000000
0.000191 754.000000
0.000191 577.000000
0.000191 316.000000
0.000189 515.000000
0.000189 1006.000000
0.000189 239.000000
0.000188 928.000000
0.000188 811.000000
0.000187 607.000000
0.000186 249.000000
0.000186 422.000000
0.000186 240.000000
0.000185 983.000000
0.000185 864.000000
0.000184 950.000000
0.000184 445.000000
0.000183 835.000000
0.000183 548.000000
0.000182 905.000000
0.000182 819.000000
0.000181 701.000000
0.000181 205.000000
0.000181 545.000000
0.000181 917.000000
0.000179 907.000000
0.000178 979.000000
0.000178 745.000000
0.000178 962.000000
0.000177 538.000000
0.000177 749.000000
0.000176 467.000000
0.000175 569.000000
0.000175 751.000000
0.000175 167.000000
0.000174 820.000000
0.000174 441.000000
0.000174 351.000000
0.000173 504.000000
0.000172 934.000000
0.000172 177.000000
0.000172 763.000000
0.000171 705.000000
0.000171 1021.000000
0.000171 843.000000
0.000170 840.000000
0.000169 824.000000
0.000169 818.000000
0.000169 516.000000
0.000169 555.000000
0.000168 862.000000
0.000168 327.000000
0.000168 726.000000
0.000167 927.000000
0.000167 691.000000
0.000167 283.000000
0.000167 742.000000
0.000167 681.000000
0.000167 693.000000
0.000166 911.000000
0.000166 260.000000
0.000165 926.000000
0.000165 430.000000
0.000165 956.000000
0.000164 669.000000
0.000162 410.000000
0.000162 668.000000
0.000161 747.000000
0.000161 585.000000
0.000161 878.000000
0.000161 338.000000
0.000161 837.000000
0.000160 250.000000
0.000160 362.000000
0.000159 809.000000
0.000159 407.000000
0.000158 630.000000
0.000158 879.000000
0.000158 913.000000
0.000158 533.000000
0.000157 333.000000
0.000156 787.000000
0.000156 981.000000
0.000156 554.000000
0.000155 210.000000
0.000155 593.000000
0.000155 935.000000
0.000155 299.000000
0.000154 398.000000
0.000153 909.000000
0.000153 550.000000
0.000152 507.000000
0.000152 725.000000
0.000152 712.000000
0.000152 562.000000
0.000151 945.000000
0.000151 838.000000
0.000150 764.000000
0.000150 452.000000
0.000150 1051.000000
0.000149 914.000000
0.000149 605.000000
0.000149 1016.000000
0.000148 859.000000
0.000148 657.000000
0.000148 599.000000
0.000147 868.000000
0.000147 792.000000
0.000147 936.000000
0.000147 615.000000
0.000146 903.000000
0.000145 1026.000000
0.000145 609.000000
0.000145 826.000000
0.000144 622.000000
0.000144 491.000000
0.000144 648.000000
0.000144 347.000000
0.000143 910.000000
0.000143 643.000000
0.000143 591.000000
0.000142 404.000000
0.000142 969.000000
0.000142 951.000000
0.000142 847.000000
0.000141 720.000000
0.000141 995.000000
0.000140 715.000000
0.000140 858.000000
0.000138 275.000000
0.000138 848.000000
0.000138 920.000000
0.000136 978.000000
0.000135 1005.000000
0.000134 789.000000
0.000134 897.000000
0.000134 402.000000
0.000133 589.000000
0.000133 318.000000
0.000133 823.000000
0.000130 1040.000000
0.000130 966.000000
0.000130 1012.000000
0.000129 784.000000
0.000129 527.000000
0.000127 865.000000
0.000127 535.000000
0.000127 850.000000
0.000127 890.000000
0.000127 912.000000
0.000126 807.000000
0.000126 939.000000
0.000126 197.000000
0.000126 640.000000
0.000125 735.000000
0.000124 483.000000
0.000124 1017.000000
0.000123 743.000000
0.000122 894.000000
0.000122 587.000000
0.000122 574.000000
0.000122 667.000000
0.000122 600.000000
0.000121 1011.000000
0.000118 771.000000
0.000118 1046.000000
0.000117 342.000000
0.000116 396.000000
0.000116 563.000000
0.000116 646.000000
0.000115 588.000000
0.000115 572.000000
0.000115 986.000000
0.000115 902.000000
0.000114 650.000000
0.000114 703.000000
0.000114 825.000000
0.000113 729.000000
0.000113 770.000000
0.000112 974.000000
0.000111 1045.000000
0.000110 977.000000
0.000110 776.000000
0.000110 916.000000
0.000110 489.000000
0.000110 946.000000
0.000109 659.000000
0.000109 842.000000
0.000109 611.000000
0.000109 881.000000
0.000108 852.000000
0.000108 988.000000
0.000108 996.000000
0.000106 849.000000
0.000106 1003.000000
0.000106 942.000000
0.000105 900.000000
0.000104 676.000000
0.000104 1010.000000
0.000104 1038.000000
0.000103 475.000000
0.000103 737.000000
0.000101 846.000000
0.000099 474.000000
0.000097 384.000000
0.000097 891.000000
0.000097 901.000000
0.000097 596.000000
0.000095 856.000000
0.000095 534.000000
0.000094 984.000000
0.000093 898.000000
0.000093 869.000000
0.000093 991.000000
0.000092 960.000000
0.000092 785.000000
0.000091 949.000000
0.000091 925.000000
0.000090 1023.000000
0.000089 954.000000
0.000086 1042.000000
0.000085 993.000000
0.000085 780.000000
0.000085 280.000000
0.000085 478.000000
0.000085 1024.000000
0.000084 463.000000
0.000080 877.000000
0.000079 582.000000
0.000078 987.000000
0.000077 432.000000
0.000076 778.000000
0.000076 584.000000
0.000076 855.000000
0.000076 1035.000000
0.000075 948.000000
0.000075 992.000000
0.000074 382.000000
0.000074 861.000000
0.000073 1049.000000
0.000072 315.000000
0.000072 952.000000
0.000071 1034.000000
0.000070 728.000000
0.000069 1039.000000
0.000067 841.000000
0.000067 953.000000
0.000066 882.000000
0.000065 904.000000
0.000064 594.000000
0.000063 968.000000
0.000062 1050.000000
0.000061 685.000000
0.000061 998.000000
0.000061 567.000000
0.000060 971.000000
0.000060 1015.000000
0.000058 1037.000000
0.000058 769.000000
0.000058 1019.000000
0.000057 1025.000000
0.000057 1036.000000
0.000056 610.000000
0.000055 854.000000
0.000054 619.000000
0.000054 1031.000000
0.000053 961.000000
0.000052 678.000000
0.000052 829.000000
0.000051 1022.000000
0.000051 616.000000
0.000049 932.000000
0.000047 637.000000
0.000047 1008.000000
0.000047 938.000000
0.000046 652.000000
0.000045 451.000000
0.000041 955.000000
0.000041 772.000000
0.000041 923.000000
0.000041 937.000000
0.000041 761.000000
0.000038 1041.000000
0.000038 393.000000
0.000037 915.000000
0.000035 1002.000000
0.000034 766.000000
0.000032 1033.000000
0.000032 863.000000
0.000029 614.000000
0.000028 647.000000
0.000027 1029.000000
0.000027 1047.000000
0.000025 1009.000000
0.000025 982.000000
0.000025 1018.000000
0.000023 1007.000000
0.000017 1013.000000
0.000015 212.000000
0.000012 98.000000
0.000006 194.000000
0.000005 944.000000
0.000003 959.000000
0.000000 1048.000000
