0.025449 6.000000
0.019492 13.000000
0.019436 18.000000
0.017991 37.000000
0.017299 8.000000
0.016567 11.000000
0.014585 2.000000
0.012415 5.000000
0.011765 91.000000
0.011504 24.000000
0.011238 3.000000
0.010221 39.000000
0.009884 109.000000
0.009709 7.000000
0.009487 9.000000
0.009486 14.000000
0.009431 20.000000
0.009360 28.000000
0.009302 27.000000
0.008990 30.000000
0.008268 49.000000
0.007991 17.000000
0.006643 65.000000
0.006600 36.000000
0.006466 84.000000
0.006418 19.000000
0.006412 4.000000
0.006296 87.000000
0.005904 31.000000
0.005695 52.000000
0.005694 224.000000
0.005602 314.000000
0.005575 106.000000
0.005386 112.000000
0.005324 133.000000
0.005319 116.000000
0.005275 71.000000
0.005251 72.000000
0.005116 191.000000
0.005002 160.000000
0.004995 163.000000
0.004988 61.000000
0.004897 0.000000
0.004757 32.000000
0.004685 363.000000
0.004658 414.000000
0.004642 135.000000
0.004612 164.000000
0.004446 162.000000
0.004431 51.000000
0.004405 29.000000
0.004360 22.000000
0.004247 25.000000
0.004241 45.000000
0.004167 58.000000
0.003986 151.000000
0.003923 15.000000
0.003912 67.000000
0.003877 62.000000
0.003840 88.000000
0.003800 108.000000
0.003730 43.000000
0.003679 90.000000
0.003657 59.000000
0.003614 23.000000
0.003507 459.000000
0.003345 105.000000
0.003343 56.000000
0.003253 141.000000
0.003200 155.000000
0.003187 180.000000
0.003167 38.000000
0.003162 321.000000
0.003120 53.000000
0.003115 276.000000
0.003054 34.000000
0.002969 66.000000
0.002925 42.000000
0.002919 77.000000
0.002898 377.000000
0.002896 130.000000
0.002864 16.000000
0.002807 93.000000
0.002774 97.000000
0.002758 57.000000
0.002701 193.000000
0.002690 74.000000
0.002679 10.000000
0.002676 296.000000
0.002579 495.000000
0.002541 161.000000
0.002475 99.000000
0.002409 310.000000
0.002370 172.000000
0.002365 1.000000
0.002357 343.000000
0.002354 288.000000
0.002333 266.000000
0.002304 85.000000
0.002257 82.000000
0.002230 81.000000
0.002178 174.000000
0.002165 60.000000
0.002116 291.000000
0.002098 513.000000
0.002081 47.000000
0.002071 153.000000
0.002063 158.000000
0.002058 41.000000
0.002011 44.000000
0.001978 126.000000
0.001968 711.000000
0.001958 104.000000
0.001873 442.000000
0.001869 101.000000
0.001854 102.000000
0.001840 159.000000
0.001829 123.000000
0.001825 446.000000
0.001794 788.000000
0.001778 89.000000
0.001765 118.000000
0.001740 76.000000
0.001733 243.000000
0.001671 365.000000
0.001661 139.000000
0.001659 323.000000
0.001645 33.000000
0.001623 127.000000
0.001623 40.000000
0.001605 307.000000
0.001604 286.000000
0.001603 169.000000
0.001600 206.000000
0.001581 238.000000
0.001577 175.000000
0.001562 230.000000
0.001548 140.000000
0.001545 781.000000
0.001543 188.000000
0.001520 223.000000
0.001513 211.000000
0.001512 762.000000
0.001510 688.000000
0.001504 254.000000
0.001498 429.000000
0.001465 480.000000
0.001458 222.000000
0.001449 79.000000
0.001445 812.000000
0.001444 356.000000
0.001421 185.000000
0.001406 448.000000
0.001401 119.000000
0.001394 137.000000
0.001314 360.000000
0.001300 336.000000
0.001287 26.000000
0.001284 415.000000
0.001273 358.000000
0.001262 120.000000
0.001245 332.000000
0.001242 319.000000
0.001222 94.000000
0.001207 397.000000
0.001199 520.000000
0.001179 132.000000
0.001176 263.000000
0.001173 54.000000
0.001170 400.000000
0.001167 401.000000
0.001158 195.000000
0.001136 301.000000
0.001127 252.000000
0.001116 192.000000
0.001116 246.000000
0.001114 50.000000
0.001113 242.000000
0.001110 334.000000
0.001089 361.000000
0.001088 290.000000
0.001085 70.000000
0.001078 325.000000
0.001065 124.000000
0.001064 170.000000
0.001061 306.000000
0.001061 35.000000
0.001041 63.000000
0.001037 166.000000
0.001027 340.000000
0.001026 229.000000
0.001010 95.000000
0.001009 512.000000
0.000994 449.000000
0.000979 157.000000
0.000971 103.000000
0.000968 73.000000
0.000960 80.000000
0.000911 149.000000
0.000907 411.000000
0.000902 190.000000
0.000901 378.000000
0.000899 973.000000
0.000895 147.000000
0.000893 215.000000
0.000889 251.000000
0.000878 774.000000
0.000867 798.000000
0.000866 171.000000
0.000861 639.000000
0.000849 796.000000
0.000847 21.000000
0.000840 598.000000
0.000839 750.000000
0.000829 111.000000
0.000828 561.000000
0.000826 522.000000
0.000824 202.000000
0.000822 136.000000
0.000820 131.000000
0.000820 344.000000
0.000808 626.000000
0.000801 834.000000
0.000800 255.000000
0.000799 134.000000
0.000796 295.000000
0.000792 997.000000
0.000789 78.000000
0.000788 214.000000
0.000781 258.000000
0.000777 633.000000
0.000772 671.000000
0.000771 265.000000
0.000769 579.000000
0.000767 357.000000
0.000760 302.000000
0.000756 267.000000
0.000752 189.000000
0.000751 352.000000
0.000750 476.000000
0.000750 122.000000
0.000747 494.000000
0.000746 368.000000
0.000744 181.000000
0.000743 892.000000
0.000740 110.000000
0.000738 508.000000
0.000734 218.000000
0.000733 804.000000
0.000733 568.000000
0.000730 679.000000
0.000721 231.000000
0.000720 578.000000
0.000719 641.000000
0.000717 348.000000
0.000715 434.000000
0.000714 455.000000
0.000709 374.000000
0.000706 666.000000
0.000705 129.000000
0.000701 279.000000
0.000694 182.000000
0.000686 138.000000
0.000686 64.000000
0.000684 551.000000
0.000684 418.000000
0.000683 117.000000
0.000680 146.000000
0.000678 408.000000
0.000676 521.000000
0.000672 48.000000
0.000667 473.000000
0.000665 661.000000
0.000664 560.000000
0.000663 203.000000
0.000663 721.000000
0.000663 395.000000
0.000659 460.000000
0.000656 387.000000
0.000648 114.000000
0.000646 303.000000
0.000645 142.000000
0.000643 201.000000
0.000641 364.000000
0.000640 827.000000
0.000637 83.000000
0.000636 794.000000
0.000635 526.000000
0.000626 518.000000
0.000623 443.000000
0.000620 627.000000
0.000620 55.000000
0.000617 417.000000
0.000615 200.000000
0.000614 183.000000
0.000611 503.000000
0.000607 350.000000
0.000605 833.000000
0.000601 278.000000
0.000600 500.000000
0.000593 420.000000
0.000588 46.000000
0.000586 757.000000
0.000584 371.000000
0.000582 187.000000
0.000580 481.000000
0.000577 790.000000
0.000574 664.000000
0.000572 498.000000
0.000572 96.000000
0.000571 198.000000
0.000571 292.000000
0.000564 148.000000
0.000564 529.000000
0.000562 100.000000
0.000560 756.000000
0.000558 524.000000
0.000558 485.000000
0.000553 511.000000
0.000552 394.000000
0.000550 717.000000
0.000550 268.000000
0.000550 760.000000
0.000549 196.000000
0.000549 617.000000
0.000548 602.000000
0.000545 328.000000
0.000545 612.000000
0.000543 832.000000
0.000542 525.000000
0.000540 866.000000
0.000540 272.000000
0.000537 556.000000
0.000532 682.000000
0.000532 575.000000
0.000531 107.000000
0.000529 530.000000
0.000528 373.000000
0.000527 75.000000
0.000525 718.000000
0.000525 125.000000
0.000520 895.000000
0.000520 779.000000
0.000519 234.000000
0.000516 173.000000
0.000514 549.000000
0.000514 595.000000
0.000513 208.000000
0.000513 274.000000
0.000513 284.000000
0.000508 1001.000000
0.000501 113.000000
0.000501 298.000000
0.000500 372.000000
0.000499 145.000000
0.000496 552.000000
0.000496 326.000000
0.000493 178.000000
0.000490 322.000000
0.000487 541.000000
0.000486 488.000000
0.000486 461.000000
0.000486 204.000000
0.000485 1030.000000
0.000484 468.000000
0.000483 297.000000
0.000482 759.000000
0.000481 421.000000
0.000481 922.000000
0.000481 800.000000
0.000480 233.000000
0.000480 271.000000
0.000472 514.000000
0.000472 645.000000
0.000469 69.000000
0.000465 557.000000
0.000461 329.000000
0.000453 980.000000
0.000453 186.000000
0.000451 700.000000
0.000450 723.000000
0.000449 687.000000
0.000448 388.000000
0.000444 497.000000
0.000443 660.000000
0.000443 709.000000
0.000442 482.000000
0.000441 836.000000
0.000439 324.000000
0.000438 331.000000
0.000437 179.000000
0.000435 235.000000
0.000434 281.000000
0.000429 618.000000
0.000426 994.000000
0.000425 270.000000
0.000423 232.000000
0.000422 264.000000
0.000421 490.000000
0.000420 734.000000
0.000420 857.000000
0.000417 425.000000
0.000416 867.000000
0.000416 876.000000
0.000415 469.000000
0.000415 592.000000
0.000413 248.000000
0.000412 744.000000
0.000411 845.000000
0.000410 706.000000
0.000409 539.000000
0.000408 509.000000
0.000407 216.000000
0.000406 628.000000
0.000405 731.000000
0.000404 1027.000000
0.000404 427.000000
0.000402 930.000000
0.000401 486.000000
0.000401 221.000000
0.000400 499.000000
0.000399 741.000000
0.000397 708.000000
0.000396 385.000000
0.000395 773.000000
0.000393 929.000000
0.000392 121.000000
0.000391 247.000000
0.000390 746.000000
0.000389 506.000000
0.000388 269.000000
0.000388 502.000000
0.000387 625.000000
0.000386 547.000000
0.000386 1004.000000
0.000385 479.000000
0.000385 381.000000
0.000384 886.000000
0.000382 576.000000
0.000381 883.000000
0.000380 209.000000
0.000380 282.000000
0.000378 893.000000
0.000376 337.000000
0.000375 426.000000
0.000374 466.000000
0.000373 380.000000
0.000373 887.000000
0.000371 312.000000
0.000368 165.000000
0.000367 458.000000
0.000365 355.000000
0.000364 144.000000
0.000363 906.000000
0.000361 289.000000
0.000360 710.000000
0.000360 335.000000
0.000360 940.000000
0.000359 635.000000
0.000359 542.000000
0.000356 308.000000
0.000355 608.000000
0.000355 871.000000
0.000354 975.000000
0.000354 464.000000
0.000353 803.000000
0.000353 581.000000
0.000353 795.000000
0.000352 416.000000
0.000352 686.000000
0.000351 370.000000
0.000351 631.000000
0.000349 330.000000
0.000349 604.000000
0.000348 683.000000
0.000348 309.000000
0.000347 967.000000
0.000347 896.000000
0.000346 375.000000
0.000345 413.000000
0.000344 537.000000
0.000344 655.000000
0.000344 970.000000
0.000343 392.000000
0.000343 782.000000
0.000342 638.000000
0.000342 656.000000
0.000342 623.000000
0.000342 739.000000
0.000341 496.000000
0.000341 874.000000
0.000341 531.000000
0.000340 226.000000
0.000339 423.000000
0.000339 454.000000
0.000338 1028.000000
0.000338 714.000000
0.000337 716.000000
0.000336 293.000000
0.000336 736.000000
0.000334 287.000000
0.000333 412.000000
0.000332 775.000000
0.000331 620.000000
0.000331 963.000000
0.000331 450.000000
0.000330 875.000000
0.000327 341.000000
0.000326 799.000000
0.000325 156.000000
0.000324 653.000000
0.000324 768.000000
0.000324 359.000000
0.000324 704.000000
0.000323 447.000000
0.000323 822.000000
0.000322 673.000000
0.000321 444.000000
0.000321 399.000000
0.000321 684.000000
0.000321 543.000000
0.000320 889.000000
0.000320 379.000000
0.000320 873.000000
0.000319 719.000000
0.000319 870.000000
0.000318 999.000000
0.000318 517.000000
0.000316 884.000000
0.000316 390.000000
0.000315 184.000000
0.000314 484.000000
0.000314 227.000000
0.000314 453.000000
0.000313 241.000000
0.000312 597.000000
0.000311 675.000000
0.000311 933.000000
0.000309 440.000000
0.000309 740.000000
0.000309 694.000000
0.000309 152.000000
0.000308 1014.000000
0.000307 536.000000
0.000307 690.000000
0.000307 143.000000
0.000307 220.000000
0.000306 985.000000
0.000306 237.000000
0.000305 367.000000
0.000305 320.000000
0.000301 644.000000
0.000300 199.000000
0.000300 245.000000
0.000299 424.000000
0.000299 435.000000
0.000299 1032.000000
0.000297 777.000000
0.000296 880.000000
0.000295 313.000000
0.000295 697.000000
0.000295 629.000000
0.000294 1044.000000
0.000294 236.000000
0.000293 540.000000
0.000293 965.000000
0.000293 702.000000
0.000291 389.000000
0.000291 487.000000
0.000291 580.000000
0.000290 285.000000
0.000290 908.000000
0.000289 207.000000
0.000289 528.000000
0.000289 213.000000
0.000288 168.000000
0.000288 566.000000
0.000288 261.000000
0.000286 225.000000
0.000286 376.000000
0.000286 519.000000
0.000283 713.000000
0.000282 68.000000
0.000282 573.000000
0.000282 813.000000
0.000282 428.000000
0.000282 699.000000
0.000281 899.000000
0.000281 219.000000
0.000281 470.000000
0.000281 802.000000
0.000281 403.000000
0.000280 603.000000
0.000279 815.000000
0.000279 724.000000
0.000279 437.000000
0.000279 383.000000
0.000278 765.000000
0.000277 115.000000
0.000276 409.000000
0.000276 438.000000
0.000276 606.000000
0.000275 797.000000
0.000275 613.000000
0.000274 369.000000
0.000274 304.000000
0.000274 257.000000
0.000272 844.000000
0.000271 456.000000
0.000271 366.000000
0.000271 931.000000
0.000268 128.000000
0.000268 391.000000
0.000268 553.000000
0.000268 649.000000
0.000268 546.000000
0.000267 317.000000
0.000267 472.000000
0.000266 817.000000
0.000266 523.000000
0.000265 433.000000
0.000265 244.000000
0.000265 1043.000000
0.000264 783.000000
0.000264 305.000000
0.000263 976.000000
0.000262 590.000000
0.000262 349.000000
0.000261 872.000000
0.000259 86.000000
0.000258 386.000000
0.000258 571.000000
0.000258 92.000000
0.000257 665.000000
0.000257 471.000000
0.000256 346.000000
0.000255 300.000000
0.000255 492.000000
0.000253 493.000000
0.000253 663.000000
0.000253 262.000000
0.000253 662.000000
0.000252 419.000000
0.000251 918.000000
0.000251 632.000000
0.000251 733.000000
0.000250 294.000000
0.000249 217.000000
0.000248 642.000000
0.000248 154.000000
0.000248 353.000000
0.000248 793.000000
0.000248 752.000000
0.000247 919.000000
0.000247 830.000000
0.000245 921.000000
0.000244 674.000000
0.000244 730.000000
0.000243 176.000000
0.000242 436.000000
0.000242 505.000000
0.000242 457.000000
0.000240 565.000000
0.000240 806.000000
0.000240 601.000000
0.000239 253.000000
0.000239 354.000000
0.000239 465.000000
0.000238 345.000000
0.000238 501.000000
0.000238 732.000000
0.000238 758.000000
0.000237 814.000000
0.000237 544.000000
0.000237 689.000000
0.000236 559.000000
0.000235 808.000000
0.000234 888.000000
0.000232 692.000000
0.000232 990.000000
0.000231 439.000000
0.000229 510.000000
0.000229 767.000000
0.000227 696.000000
0.000225 405.000000
0.000225 957.000000
0.000225 570.000000
0.000224 753.000000
0.000224 462.000000
0.000223 805.000000
0.000223 256.000000
0.000222 406.000000
0.000222 670.000000
0.000222 943.000000
0.000221 853.000000
0.000221 698.000000
0.000220 1000.000000
0.000219 947.000000
0.000218 941.000000
0.000217 273.000000
0.000217 828.000000
0.000216 621.000000
0.000215 277.000000
0.000215 816.000000
0.000215 624.000000
0.000212 810.000000
0.000210 339.000000
0.000210 677.000000
0.000209 672.000000
0.000209 654.000000
0.000209 564.000000
0.000208 658.000000
0.000208 786.000000
0.000207 680.000000
0.000205 558.000000
0.000204 885.000000
0.000204 860.000000
0.000204 738.000000
0.000204 958.000000
0.000204 1020.000000
0.000204 831.000000
0.000204 634.000000
0.000203 12.000000
0.000202 636.000000
0.000202 311.000000
0.000202 989.000000
0.000202 431.000000
0.000201 755.000000
0.000201 651.000000
0.000200 791.000000
0.000200 707.000000
0.000199 821.000000
0.000199 924.000000
0.000198 851.000000
0.000198 583.000000
0.000197 722.000000
0.000197 964.000000
0.000196 748.000000
0.000196 228.000000
0.000196 259.000000
0.000195 532.000000
0.000195 727.000000
0.000194 150.000000
0.000193 839.000000
0.000193 695.000000
0.000193 801.000000
0.000193 577.000000
0.000193 972.000000
0.000193 477.000000
0.000192 316.000000
0.000191 754.000000
0.000191 586.000000
0.000190 515.000000
0.000189 239.000000
0.000189 1006.000000
0.000188 928.000000
0.000187 811.000000
0.000187 249.000000
0.000186 240.000000
0.000186 422.000000
0.000186 607.000000
0.000186 983.000000
0.000185 950.000000
0.000185 864.000000
0.000184 917.000000
0.000183 548.000000
0.000183 835.000000
0.000182 905.000000
0.000181 819.000000
0.000181 205.000000
0.000180 701.000000
0.000180 445.000000
0.000180 545.000000
0.000180 907.000000
0.000179 351.000000
0.000179 909.000000
0.000178 745.000000
0.000177 962.000000
0.000177 749.000000
0.000177 441.000000
0.000177 467.000000
0.000175 763.000000
0.000175 504.000000
0.000175 569.000000
0.000175 538.000000
0.000174 820.000000
0.000174 167.000000
0.000174 926.000000
0.000173 934.000000
0.000172 177.000000
0.000172 1021.000000
0.000170 862.000000
0.000170 818.000000
0.000170 705.000000
0.000170 751.000000
0.000169 927.000000
0.000169 824.000000
0.000168 840.000000
0.000168 516.000000
0.000168 555.000000
0.000168 327.000000
0.000167 742.000000
0.000167 681.000000
0.000167 726.000000
0.000166 260.000000
0.000166 693.000000
0.000166 911.000000
0.000166 843.000000
0.000166 430.000000
0.000165 691.000000
0.000165 283.000000
0.000165 338.000000
0.000165 879.000000
0.000164 979.000000
0.000164 669.000000
0.000163 956.000000
0.000162 747.000000
0.000162 585.000000
0.000162 410.000000
0.000162 250.000000
0.000162 910.000000
0.000162 1012.000000
0.000161 878.000000
0.000160 407.000000
0.000160 362.000000
0.000159 809.000000
0.000159 837.000000
0.000158 668.000000
0.000158 533.000000
0.000157 913.000000
0.000156 787.000000
0.000156 210.000000
0.000156 333.000000
0.000155 554.000000
0.000155 981.000000
0.000155 935.000000
0.000155 630.000000
0.000154 299.000000
0.000153 593.000000
0.000152 507.000000
0.000152 398.000000
0.000152 550.000000
0.000152 712.000000
0.000151 562.000000
0.000151 945.000000
0.000151 452.000000
0.000150 764.000000
0.000150 978.000000
0.000150 1051.000000
0.000149 914.000000
0.000149 605.000000
0.000149 1026.000000
0.000148 491.000000
0.000148 599.000000
0.000147 868.000000
0.000147 1016.000000
0.000147 936.000000
0.000147 792.000000
0.000147 615.000000
0.000146 725.000000
0.000146 920.000000
0.000146 609.000000
0.000146 657.000000
0.000146 903.000000
0.000146 838.000000
0.000145 826.000000
0.000145 347.000000
0.000144 622.000000
0.000144 648.000000
0.000143 591.000000
0.000143 404.000000
0.000142 643.000000
0.000142 847.000000
0.000142 951.000000
0.000142 715.000000
0.000141 720.000000
0.000141 858.000000
0.000140 995.000000
0.000140 969.000000
0.000138 275.000000
0.000137 897.000000
0.000135 848.000000
0.000135 1005.000000
0.000134 789.000000
0.000133 402.000000
0.000133 823.000000
0.000133 318.000000
0.000132 589.000000
0.000131 1040.000000
0.000129 784.000000
0.000129 527.000000
0.000129 859.000000
0.000128 865.000000
0.000127 912.000000
0.000127 890.000000
0.000127 535.000000
0.000127 850.000000
0.000127 939.000000
0.000127 735.000000
0.000126 640.000000
0.000126 197.000000
0.000126 807.000000
0.000125 483.000000
0.000125 966.000000
0.000124 743.000000
0.000124 574.000000
0.000123 894.000000
0.000123 600.000000
0.000122 1011.000000
0.000122 667.000000
0.000121 587.000000
0.000120 1017.000000
0.000119 771.000000
0.000117 646.000000
0.000117 1046.000000
0.000117 902.000000
0.000117 572.000000
0.000116 396.000000
0.000116 563.000000
0.000116 342.000000
0.000116 986.000000
0.000115 588.000000
0.000114 650.000000
0.000114 825.000000
0.000113 770.000000
0.000113 729.000000
0.000112 212.000000
0.000112 703.000000
0.000111 1045.000000
0.000111 916.000000
0.000110 659.000000
0.000110 489.000000
0.000110 776.000000
0.000110 974.000000
0.000109 881.000000
0.000108 852.000000
0.000108 996.000000
0.000108 842.000000
0.000108 946.000000
0.000108 900.000000
0.000107 611.000000
0.000107 676.000000
0.000106 1003.000000
0.000106 849.000000
0.000106 942.000000
0.000104 1010.000000
0.000104 1038.000000
0.000103 737.000000
0.000103 988.000000
0.000102 475.000000
0.000102 991.000000
0.000100 846.000000
0.000099 474.000000
0.000098 953.000000
0.000097 891.000000
0.000096 596.000000
0.000095 534.000000
0.000094 960.000000
0.000094 384.000000
0.000093 898.000000
0.000093 984.000000
0.000093 856.000000
0.000093 977.000000
0.000093 785.000000
0.000092 901.000000
0.000091 925.000000
0.000091 869.000000
0.000090 1023.000000
0.000090 949.000000
0.000089 954.000000
0.000086 1042.000000
0.000085 280.000000
0.000085 780.000000
0.000085 478.000000
0.000084 993.000000
0.000083 463.000000
0.000081 1024.000000
0.000080 987.000000
0.000080 877.000000
0.000077 952.000000
0.000077 778.000000
0.000077 855.000000
0.000077 582.000000
0.000077 1049.000000
0.000076 584.000000
0.000076 432.000000
0.000076 948.000000
0.000076 1035.000000
0.000075 382.000000
0.000074 992.000000
0.000073 1034.000000
0.000073 861.000000
0.000072 882.000000
0.000071 315.000000
0.000069 1039.000000
0.000069 728.000000
0.000067 841.000000
0.000064 904.000000
0.000064 594.000000
0.000064 685.000000
0.000062 1037.000000
0.000061 971.000000
0.000061 968.000000
0.000061 998.000000
0.000061 1050.000000
0.000061 1015.000000
0.000061 567.000000
0.000060 854.000000
0.000059 1019.000000
0.000058 769.000000
0.000057 1025.000000
0.000057 1036.000000
0.000056 610.000000
0.000054 619.000000
0.000053 961.000000
0.000052 678.000000
0.000051 829.000000
0.000051 616.000000
0.000050 1022.000000
0.000050 652.000000
0.000048 1031.000000
0.000047 932.000000
0.000047 1008.000000
0.000046 637.000000
0.000045 938.000000
0.000045 772.000000
0.000044 923.000000
0.000042 955.000000
0.000042 761.000000
0.000041 937.000000
0.000041 451.000000
0.000038 915.000000
0.000038 1041.000000
0.000038 393.000000
0.000037 766.000000
0.000035 1002.000000
0.000033 1033.000000
0.000031 863.000000
0.000028 647.000000
0.000028 1029.000000
0.000027 614.000000
0.000026 1047.000000
0.000025 982.000000
0.000025 1018.000000
0.000025 1009.000000
0.000022 1007.000000
0.000014 98.000000
0.000013 1013.000000
0.000006 194.000000
0.000005 944.000000
0.000004 959.000000
0.000000 1048.000000
