0.025531 6.000000
0.019557 13.000000
0.019399 18.000000
0.018004 37.000000
0.017239 8.000000
0.016543 11.000000
0.014567 2.000000
0.012550 5.000000
0.011868 91.000000
0.011386 3.000000
0.011286 24.000000
0.010105 39.000000
0.009870 109.000000
0.009741 7.000000
0.009484 20.000000
0.009428 9.000000
0.009409 28.000000
0.009407 14.000000
0.009375 27.000000
0.009004 30.000000
0.008159 49.000000
0.007861 17.000000
0.006568 36.000000
0.006563 65.000000
0.006420 84.000000
0.006412 19.000000
0.006353 4.000000
0.006300 87.000000
0.005949 31.000000
0.005736 224.000000
0.005691 52.000000
0.005612 106.000000
0.005418 314.000000
0.005372 112.000000
0.005359 133.000000
0.005333 116.000000
0.005318 72.000000
0.005228 71.000000
0.005092 61.000000
0.005078 191.000000
0.005035 160.000000
0.004921 163.000000
0.004854 0.000000
0.004758 32.000000
0.004744 414.000000
0.004653 363.000000
0.004609 164.000000
0.004604 135.000000
0.004465 162.000000
0.004389 29.000000
0.004371 22.000000
0.004324 51.000000
0.004253 25.000000
0.004242 45.000000
0.004171 58.000000
0.004122 151.000000
0.003997 15.000000
0.003906 67.000000
0.003877 43.000000
0.003859 88.000000
0.003853 108.000000
0.003825 62.000000
0.003693 90.000000
0.003675 23.000000
0.003663 59.000000
0.003514 459.000000
0.003362 56.000000
0.003355 105.000000
0.003308 141.000000
0.003245 180.000000
0.003193 155.000000
0.003183 321.000000
0.003150 38.000000
0.003138 276.000000
0.003100 53.000000
0.003073 34.000000
0.002967 66.000000
0.002924 377.000000
0.002908 77.000000
0.002885 42.000000
0.002875 16.000000
0.002855 130.000000
0.002807 93.000000
0.002764 97.000000
0.002713 193.000000
0.002697 57.000000
0.002696 74.000000
0.002682 296.000000
0.002605 10.000000
0.002573 495.000000
0.002545 161.000000
0.002490 99.000000
0.002385 310.000000
0.002361 343.000000
0.002350 1.000000
0.002346 266.000000
0.002340 172.000000
0.002324 288.000000
0.002300 85.000000
0.002253 82.000000
0.002216 81.000000
0.002142 158.000000
0.002138 60.000000
0.002116 47.000000
0.002112 291.000000
0.002103 174.000000
0.002083 513.000000
0.002074 41.000000
0.002062 153.000000
0.002015 44.000000
0.001979 711.000000
0.001977 126.000000
0.001972 104.000000
0.001934 123.000000
0.001868 442.000000
0.001853 101.000000
0.001829 102.000000
0.001820 446.000000
0.001799 159.000000
0.001780 89.000000
0.001752 118.000000
0.001747 76.000000
0.001730 243.000000
0.001709 323.000000
0.001683 788.000000
0.001676 365.000000
0.001657 127.000000
0.001655 33.000000
0.001654 139.000000
0.001647 206.000000
0.001634 307.000000
0.001618 781.000000
0.001613 286.000000
0.001610 238.000000
0.001606 40.000000
0.001598 169.000000
0.001566 175.000000
0.001561 140.000000
0.001539 230.000000
0.001523 211.000000
0.001510 223.000000
0.001510 254.000000
0.001507 429.000000
0.001504 188.000000
0.001494 688.000000
0.001486 762.000000
0.001472 480.000000
0.001467 812.000000
0.001464 356.000000
0.001457 79.000000
0.001438 222.000000
0.001429 185.000000
0.001421 448.000000
0.001409 119.000000
0.001406 137.000000
0.001325 360.000000
0.001306 26.000000
0.001305 336.000000
0.001283 358.000000
0.001255 319.000000
0.001250 415.000000
0.001245 120.000000
0.001242 332.000000
0.001227 397.000000
0.001222 94.000000
0.001207 520.000000
0.001186 263.000000
0.001182 132.000000
0.001178 301.000000
0.001168 195.000000
0.001164 400.000000
0.001163 54.000000
0.001156 401.000000
0.001131 252.000000
0.001114 242.000000
0.001113 192.000000
0.001109 50.000000
0.001107 246.000000
0.001097 334.000000
0.001093 325.000000
0.001084 290.000000
0.001083 361.000000
0.001069 170.000000
0.001057 124.000000
0.001047 70.000000
0.001042 35.000000
0.001040 63.000000
0.001038 166.000000
0.001034 306.000000
0.001028 340.000000
0.001027 512.000000
0.001021 229.000000
0.001012 95.000000
0.000997 449.000000
0.000980 157.000000
0.000973 80.000000
0.000967 73.000000
0.000964 103.000000
0.000943 190.000000
0.000915 411.000000
0.000910 973.000000
0.000896 147.000000
0.000893 215.000000
0.000893 149.000000
0.000891 378.000000
0.000888 251.000000
0.000866 774.000000
0.000865 639.000000
0.000863 598.000000
0.000860 798.000000
0.000846 171.000000
0.000846 750.000000
0.000845 21.000000
0.000830 202.000000
0.000826 131.000000
0.000825 997.000000
0.000821 561.000000
0.000821 796.000000
0.000820 522.000000
0.000817 136.000000
0.000811 344.000000
0.000810 626.000000
0.000806 255.000000
0.000801 78.000000
0.000797 111.000000
0.000796 834.000000
0.000796 134.000000
0.000793 295.000000
0.000792 633.000000
0.000790 214.000000
0.000782 258.000000
0.000776 579.000000
0.000774 671.000000
0.000769 265.000000
0.000766 357.000000
0.000761 494.000000
0.000755 267.000000
0.000753 302.000000
0.000751 189.000000
0.000751 476.000000
0.000747 181.000000
0.000746 122.000000
0.000746 508.000000
0.000742 352.000000
0.000742 110.000000
0.000741 231.000000
0.000731 368.000000
0.000731 804.000000
0.000731 568.000000
0.000729 679.000000
0.000725 348.000000
0.000721 578.000000
0.000718 892.000000
0.000718 641.000000
0.000717 434.000000
0.000716 218.000000
0.000710 182.000000
0.000708 374.000000
0.000704 129.000000
0.000699 455.000000
0.000698 666.000000
0.000694 279.000000
0.000692 64.000000
0.000691 521.000000
0.000689 138.000000
0.000687 473.000000
0.000678 146.000000
0.000677 117.000000
0.000676 827.000000
0.000672 418.000000
0.000666 661.000000
0.000666 203.000000
0.000659 395.000000
0.000659 721.000000
0.000658 460.000000
0.000657 560.000000
0.000656 408.000000
0.000654 142.000000
0.000654 551.000000
0.000653 48.000000
0.000653 387.000000
0.000653 114.000000
0.000644 201.000000
0.000642 303.000000
0.000641 364.000000
0.000637 794.000000
0.000636 83.000000
0.000636 526.000000
0.000622 518.000000
0.000621 200.000000
0.000619 627.000000
0.000617 55.000000
0.000617 417.000000
0.000613 833.000000
0.000612 183.000000
0.000609 503.000000
0.000607 420.000000
0.000599 278.000000
0.000598 350.000000
0.000596 443.000000
0.000591 187.000000
0.000591 46.000000
0.000590 500.000000
0.000586 96.000000
0.000585 757.000000
0.000583 371.000000
0.000582 481.000000
0.000574 148.000000
0.000570 292.000000
0.000570 664.000000
0.000568 198.000000
0.000567 498.000000
0.000567 529.000000
0.000567 790.000000
0.000564 100.000000
0.000563 602.000000
0.000563 756.000000
0.000560 524.000000
0.000558 485.000000
0.000558 760.000000
0.000554 511.000000
0.000554 268.000000
0.000550 617.000000
0.000549 832.000000
0.000548 196.000000
0.000547 394.000000
0.000546 328.000000
0.000546 717.000000
0.000541 272.000000
0.000541 612.000000
0.000536 556.000000
0.000535 525.000000
0.000535 895.000000
0.000534 107.000000
0.000533 530.000000
0.000530 75.000000
0.000530 575.000000
0.000529 718.000000
0.000526 125.000000
0.000522 372.000000
0.000521 779.000000
0.000520 284.000000
0.000518 866.000000
0.000517 234.000000
0.000516 595.000000
0.000513 208.000000
0.000513 173.000000
0.000510 682.000000
0.000507 1001.000000
0.000503 552.000000
0.000502 113.000000
0.000502 298.000000
0.000500 373.000000
0.000499 549.000000
0.000497 274.000000
0.000497 541.000000
0.000497 178.000000
0.000496 326.000000
0.000494 145.000000
0.000492 461.000000
0.000485 204.000000
0.000483 271.000000
0.000482 488.000000
0.000481 233.000000
0.000481 421.000000
0.000481 800.000000
0.000481 759.000000
0.000481 297.000000
0.000477 468.000000
0.000476 687.000000
0.000469 514.000000
0.000469 557.000000
0.000463 69.000000
0.000462 329.000000
0.000462 700.000000
0.000460 922.000000
0.000454 186.000000
0.000454 980.000000
0.000454 322.000000
0.000454 281.000000
0.000449 179.000000
0.000448 388.000000
0.000447 482.000000
0.000446 497.000000
0.000445 723.000000
0.000442 709.000000
0.000440 324.000000
0.000439 331.000000
0.000439 1030.000000
0.000438 235.000000
0.000438 836.000000
0.000435 660.000000
0.000432 734.000000
0.000428 592.000000
0.000427 645.000000
0.000427 270.000000
0.000426 264.000000
0.000426 618.000000
0.000422 232.000000
0.000422 425.000000
0.000421 867.000000
0.000421 490.000000
0.000420 929.000000
0.000418 876.000000
0.000418 857.000000
0.000415 469.000000
0.000414 706.000000
0.000413 248.000000
0.000412 845.000000
0.000407 731.000000
0.000407 221.000000
0.000407 994.000000
0.000406 385.000000
0.000406 628.000000
0.000406 216.000000
0.000406 427.000000
0.000405 509.000000
0.000405 1027.000000
0.000404 539.000000
0.000403 930.000000
0.000402 741.000000
0.000401 486.000000
0.000398 708.000000
0.000398 499.000000
0.000396 773.000000
0.000393 121.000000
0.000390 247.000000
0.000390 576.000000
0.000389 506.000000
0.000389 746.000000
0.000388 337.000000
0.000387 269.000000
0.000386 547.000000
0.000386 381.000000
0.000386 886.000000
0.000385 479.000000
0.000382 1004.000000
0.000381 625.000000
0.000381 209.000000
0.000380 744.000000
0.000378 893.000000
0.000377 502.000000
0.000377 282.000000
0.000376 883.000000
0.000376 887.000000
0.000375 380.000000
0.000374 466.000000
0.000374 426.000000
0.000373 355.000000
0.000372 312.000000
0.000369 165.000000
0.000367 289.000000
0.000366 144.000000
0.000366 458.000000
0.000364 940.000000
0.000364 906.000000
0.000362 335.000000
0.000361 975.000000
0.000361 710.000000
0.000361 517.000000
0.000359 542.000000
0.000359 635.000000
0.000356 803.000000
0.000355 686.000000
0.000353 795.000000
0.000353 581.000000
0.000353 416.000000
0.000353 871.000000
0.000353 308.000000
0.000352 608.000000
0.000352 370.000000
0.000352 656.000000
0.000351 967.000000
0.000351 464.000000
0.000350 375.000000
0.000350 631.000000
0.000349 330.000000
0.000347 309.000000
0.000347 655.000000
0.000346 896.000000
0.000346 970.000000
0.000346 714.000000
0.000345 423.000000
0.000345 683.000000
0.000344 537.000000
0.000344 413.000000
0.000343 782.000000
0.000343 638.000000
0.000342 623.000000
0.000342 454.000000
0.000342 874.000000
0.000341 392.000000
0.000340 604.000000
0.000340 226.000000
0.000339 1028.000000
0.000338 531.000000
0.000337 716.000000
0.000335 293.000000
0.000334 412.000000
0.000334 739.000000
0.000333 620.000000
0.000332 736.000000
0.000332 496.000000
0.000332 287.000000
0.000332 963.000000
0.000332 450.000000
0.000331 768.000000
0.000331 875.000000
0.000327 156.000000
0.000326 799.000000
0.000325 341.000000
0.000324 447.000000
0.000322 1032.000000
0.000322 653.000000
0.000322 704.000000
0.000322 543.000000
0.000322 775.000000
0.000321 673.000000
0.000321 379.000000
0.000321 399.000000
0.000321 999.000000
0.000320 889.000000
0.000320 444.000000
0.000320 822.000000
0.000320 684.000000
0.000319 390.000000
0.000318 870.000000
0.000317 719.000000
0.000317 873.000000
0.000316 359.000000
0.000315 1014.000000
0.000314 184.000000
0.000314 227.000000
0.000314 484.000000
0.000313 241.000000
0.000311 884.000000
0.000311 933.000000
0.000311 597.000000
0.000310 675.000000
0.000310 453.000000
0.000308 440.000000
0.000308 536.000000
0.000307 143.000000
0.000307 237.000000
0.000307 690.000000
0.000307 152.000000
0.000307 740.000000
0.000305 199.000000
0.000305 320.000000
0.000303 694.000000
0.000303 220.000000
0.000303 245.000000
0.000303 367.000000
0.000299 644.000000
0.000298 424.000000
0.000298 435.000000
0.000298 313.000000
0.000297 777.000000
0.000297 1044.000000
0.000295 236.000000
0.000294 880.000000
0.000294 629.000000
0.000293 540.000000
0.000292 702.000000
0.000292 285.000000
0.000291 985.000000
0.000291 389.000000
0.000291 580.000000
0.000290 697.000000
0.000290 207.000000
0.000289 487.000000
0.000289 528.000000
0.000289 908.000000
0.000288 566.000000
0.000288 965.000000
0.000287 168.000000
0.000286 376.000000
0.000286 213.000000
0.000286 519.000000
0.000286 225.000000
0.000284 899.000000
0.000284 802.000000
0.000283 261.000000
0.000282 573.000000
0.000282 68.000000
0.000282 813.000000
0.000281 403.000000
0.000280 603.000000
0.000280 724.000000
0.000279 470.000000
0.000279 815.000000
0.000279 428.000000
0.000279 765.000000
0.000278 699.000000
0.000278 437.000000
0.000278 383.000000
0.000278 115.000000
0.000278 219.000000
0.000278 1043.000000
0.000277 713.000000
0.000277 606.000000
0.000277 438.000000
0.000276 409.000000
0.000276 613.000000
0.000275 797.000000
0.000274 369.000000
0.000274 257.000000
0.000273 366.000000
0.000272 304.000000
0.000272 931.000000
0.000272 844.000000
0.000271 546.000000
0.000270 128.000000
0.000270 244.000000
0.000269 456.000000
0.000269 391.000000
0.000268 317.000000
0.000267 649.000000
0.000267 472.000000
0.000267 433.000000
0.000265 523.000000
0.000265 783.000000
0.000263 349.000000
0.000262 305.000000
0.000262 590.000000
0.000261 86.000000
0.000261 553.000000
0.000260 92.000000
0.000259 665.000000
0.000259 386.000000
0.000258 918.000000
0.000258 872.000000
0.000256 793.000000
0.000255 758.000000
0.000255 492.000000
0.000255 419.000000
0.000254 300.000000
0.000254 571.000000
0.000253 493.000000
0.000253 733.000000
0.000253 663.000000
0.000253 346.000000
0.000252 471.000000
0.000252 262.000000
0.000252 662.000000
0.000251 632.000000
0.000250 294.000000
0.000249 806.000000
0.000249 154.000000
0.000249 642.000000
0.000249 817.000000
0.000248 752.000000
0.000248 674.000000
0.000248 217.000000
0.000247 353.000000
0.000247 919.000000
0.000246 730.000000
0.000246 830.000000
0.000245 976.000000
0.000245 921.000000
0.000244 436.000000
0.000243 176.000000
0.000241 601.000000
0.000241 354.000000
0.000241 505.000000
0.000240 457.000000
0.000240 565.000000
0.000239 253.000000
0.000239 465.000000
0.000238 501.000000
0.000238 814.000000
0.000237 732.000000
0.000237 689.000000
0.000237 345.000000
0.000236 544.000000
0.000236 559.000000
0.000235 808.000000
0.000234 767.000000
0.000233 888.000000
0.000232 692.000000
0.000232 990.000000
0.000230 753.000000
0.000228 439.000000
0.000228 510.000000
0.000227 696.000000
0.000226 570.000000
0.000226 670.000000
0.000226 405.000000
0.000225 957.000000
0.000225 406.000000
0.000224 462.000000
0.000224 805.000000
0.000222 256.000000
0.000221 698.000000
0.000220 853.000000
0.000218 273.000000
0.000217 672.000000
0.000217 1000.000000
0.000217 947.000000
0.000216 277.000000
0.000216 816.000000
0.000216 621.000000
0.000216 941.000000
0.000216 624.000000
0.000215 860.000000
0.000215 828.000000
0.000213 810.000000
0.000210 677.000000
0.000209 564.000000
0.000208 654.000000
0.000208 658.000000
0.000208 339.000000
0.000207 680.000000
0.000205 558.000000
0.000205 943.000000
0.000205 958.000000
0.000205 885.000000
0.000203 634.000000
0.000203 12.000000
0.000203 972.000000
0.000203 831.000000
0.000202 311.000000
0.000202 786.000000
0.000202 755.000000
0.000202 651.000000
0.000201 636.000000
0.000200 738.000000
0.000200 989.000000
0.000199 150.000000
0.000199 707.000000
0.000198 583.000000
0.000198 431.000000
0.000198 748.000000
0.000198 791.000000
0.000197 851.000000
0.000197 722.000000
0.000197 821.000000
0.000196 228.000000
0.000195 964.000000
0.000195 532.000000
0.000195 727.000000
0.000195 924.000000
0.000195 1020.000000
0.000194 695.000000
0.000193 839.000000
0.000192 477.000000
0.000192 586.000000
0.000192 577.000000
0.000192 259.000000
0.000191 801.000000
0.000191 754.000000
0.000191 515.000000
0.000190 316.000000
0.000189 239.000000
0.000188 928.000000
0.000188 1006.000000
0.000187 249.000000
0.000187 811.000000
0.000187 422.000000
0.000186 983.000000
0.000185 607.000000
0.000185 950.000000
0.000184 864.000000
0.000184 538.000000
0.000183 548.000000
0.000183 445.000000
0.000182 917.000000
0.000182 905.000000
0.000182 240.000000
0.000181 819.000000
0.000181 205.000000
0.000181 701.000000
0.000180 907.000000
0.000178 835.000000
0.000178 909.000000
0.000178 979.000000
0.000178 545.000000
0.000177 962.000000
0.000177 749.000000
0.000176 745.000000
0.000176 504.000000
0.000175 569.000000
0.000175 763.000000
0.000175 441.000000
0.000175 467.000000
0.000175 751.000000
0.000174 820.000000
0.000174 167.000000
0.000173 351.000000
0.000173 934.000000
0.000172 177.000000
0.000172 926.000000
0.000172 705.000000
0.000171 862.000000
0.000170 840.000000
0.000170 927.000000
0.000169 818.000000
0.000169 555.000000
0.000168 516.000000
0.000168 824.000000
0.000168 327.000000
0.000168 691.000000
0.000167 910.000000
0.000167 726.000000
0.000167 742.000000
0.000167 681.000000
0.000166 747.000000
0.000166 911.000000
0.000166 693.000000
0.000166 430.000000
0.000165 283.000000
0.000165 1021.000000
0.000164 260.000000
0.000164 669.000000
0.000164 956.000000
0.000163 879.000000
0.000162 410.000000
0.000162 668.000000
0.000162 362.000000
0.000162 585.000000
0.000161 878.000000
0.000161 250.000000
0.000161 837.000000
0.000160 1012.000000
0.000160 407.000000
0.000160 338.000000
0.000159 809.000000
0.000159 630.000000
0.000158 913.000000
0.000158 533.000000
0.000157 333.000000
0.000157 981.000000
0.000156 787.000000
0.000156 210.000000
0.000155 554.000000
0.000155 398.000000
0.000155 935.000000
0.000154 299.000000
0.000153 1026.000000
0.000152 712.000000
0.000152 507.000000
0.000152 562.000000
0.000151 593.000000
0.000150 725.000000
0.000149 1051.000000
0.000149 914.000000
0.000149 452.000000
0.000149 945.000000
0.000149 550.000000
0.000149 605.000000
0.000149 838.000000
0.000148 491.000000
0.000148 764.000000
0.000148 657.000000
0.000147 599.000000
0.000147 868.000000
0.000147 936.000000
0.000147 792.000000
0.000147 615.000000
0.000146 609.000000
0.000146 903.000000
0.000145 920.000000
0.000145 591.000000
0.000144 347.000000
0.000144 622.000000
0.000144 826.000000
0.000144 859.000000
0.000144 648.000000
0.000144 1016.000000
0.000143 715.000000
0.000142 643.000000
0.000142 404.000000
0.000142 978.000000
0.000142 969.000000
0.000142 847.000000
0.000142 858.000000
0.000141 951.000000
0.000141 720.000000
0.000140 995.000000
0.000138 275.000000
0.000137 848.000000
0.000137 897.000000
0.000135 789.000000
0.000135 1005.000000
0.000134 402.000000
0.000133 318.000000
0.000133 589.000000
0.000133 823.000000
0.000130 1040.000000
0.000130 784.000000
0.000129 527.000000
0.000128 865.000000
0.000127 890.000000
0.000127 912.000000
0.000127 735.000000
0.000127 197.000000
0.000126 807.000000
0.000126 850.000000
0.000126 640.000000
0.000126 535.000000
0.000125 939.000000
0.000125 483.000000
0.000124 894.000000
0.000124 966.000000
0.000124 743.000000
0.000123 1017.000000
0.000123 600.000000
0.000123 1011.000000
0.000123 574.000000
0.000122 667.000000
0.000120 587.000000
0.000119 1046.000000
0.000119 771.000000
0.000117 843.000000
0.000117 572.000000
0.000117 902.000000
0.000117 646.000000
0.000117 396.000000
0.000116 563.000000
0.000116 900.000000
0.000115 986.000000
0.000115 588.000000
0.000114 703.000000
0.000114 825.000000
0.000113 770.000000
0.000113 729.000000
0.000112 977.000000
0.000112 650.000000
0.000112 974.000000
0.000111 342.000000
0.000110 996.000000
0.000110 776.000000
0.000110 1045.000000
0.000110 881.000000
0.000110 659.000000
0.000110 916.000000
0.000109 489.000000
0.000109 946.000000
0.000108 852.000000
0.000108 611.000000
0.000108 846.000000
0.000107 212.000000
0.000106 842.000000
0.000106 849.000000
0.000106 1003.000000
0.000105 676.000000
0.000105 942.000000
0.000104 1010.000000
0.000103 1038.000000
0.000103 737.000000
0.000103 991.000000
0.000102 475.000000
0.000099 988.000000
0.000099 474.000000
0.000098 953.000000
0.000097 891.000000
0.000097 384.000000
0.000097 901.000000
0.000097 596.000000
0.000095 534.000000
0.000094 960.000000
0.000093 869.000000
0.000093 984.000000
0.000091 785.000000
0.000091 925.000000
0.000089 1023.000000
0.000089 954.000000
0.000089 898.000000
0.000089 949.000000
0.000087 856.000000
0.000086 993.000000
0.000085 280.000000
0.000085 478.000000
0.000085 780.000000
0.000085 463.000000
0.000084 1042.000000
0.000082 987.000000
0.000081 1024.000000
0.000080 877.000000
0.000078 432.000000
0.000077 582.000000
0.000077 855.000000
0.000077 778.000000
0.000076 1049.000000
0.000076 584.000000
0.000076 948.000000
0.000076 382.000000
0.000075 1035.000000
0.000074 861.000000
0.000074 841.000000
0.000073 1034.000000
0.000073 992.000000
0.000072 952.000000
0.000071 315.000000
0.000070 728.000000
0.000069 1039.000000
0.000067 1037.000000
0.000064 904.000000
0.000063 882.000000
0.000063 594.000000
0.000063 968.000000
0.000061 998.000000
0.000060 1050.000000
0.000060 685.000000
0.000060 854.000000
0.000060 567.000000
0.000059 971.000000
0.000059 1015.000000
0.000058 769.000000
0.000057 1036.000000
0.000057 1025.000000
0.000056 610.000000
0.000053 829.000000
0.000053 961.000000
0.000052 619.000000
0.000052 1019.000000
0.000051 678.000000
0.000051 1022.000000
0.000051 616.000000
0.000051 451.000000
0.000050 1031.000000
0.000047 932.000000
0.000047 938.000000
0.000046 1008.000000
0.000046 637.000000
0.000045 652.000000
0.000045 772.000000
0.000044 923.000000
0.000042 761.000000
0.000041 955.000000
0.000041 937.000000
0.000038 915.000000
0.000037 1041.000000
0.000037 393.000000
0.000037 766.000000
0.000035 1002.000000
0.000032 1033.000000
0.000032 863.000000
0.000029 614.000000
0.000028 647.000000
0.000027 1047.000000
0.000025 1009.000000
0.000025 1018.000000
0.000025 982.000000
0.000023 1007.000000
0.000019 1029.000000
0.000017 1013.000000
0.000015 98.000000
0.000006 194.000000
0.000005 944.000000
0.000003 959.000000
0.000000 1048.000000
