0.025504 6.000000
0.019371 13.000000
0.019210 18.000000
0.018313 37.000000
0.017295 8.000000
0.016686 11.000000
0.014421 2.000000
0.012493 5.000000
0.011599 91.000000
0.011268 3.000000
0.011213 24.000000
0.010206 39.000000
0.009893 109.000000
0.009766 7.000000
0.009545 14.000000
0.009412 20.000000
0.009379 9.000000
0.009361 27.000000
0.009291 28.000000
0.009005 30.000000
0.008329 49.000000
0.007962 17.000000
0.006622 65.000000
0.006564 36.000000
0.006531 4.000000
0.006478 84.000000
0.006476 19.000000
0.006310 87.000000
0.005922 31.000000
0.005830 224.000000
0.005678 52.000000
0.005607 314.000000
0.005596 106.000000
0.005386 133.000000
0.005344 112.000000
0.005302 72.000000
0.005293 116.000000
0.005233 71.000000
0.005108 191.000000
0.005103 61.000000
0.005054 160.000000
0.004876 0.000000
0.004773 32.000000
0.004727 414.000000
0.004702 163.000000
0.004597 164.000000
0.004594 363.000000
0.004591 135.000000
0.004483 162.000000
0.004400 29.000000
0.004385 51.000000
0.004367 22.000000
0.004258 25.000000
0.004228 45.000000
0.004155 58.000000
0.004064 151.000000
0.003986 15.000000
0.003913 62.000000
0.003871 67.000000
0.003824 43.000000
0.003803 108.000000
0.003802 88.000000
0.003666 90.000000
0.003642 59.000000
0.003636 23.000000
0.003522 459.000000
0.003350 105.000000
0.003335 56.000000
0.003305 141.000000
0.003237 180.000000
0.003178 155.000000
0.003153 321.000000
0.003125 38.000000
0.003081 53.000000
0.003062 34.000000
0.003022 276.000000
0.002960 66.000000
0.002938 377.000000
0.002900 42.000000
0.002897 77.000000
0.002897 130.000000
0.002881 16.000000
0.002770 97.000000
0.002754 93.000000
0.002717 57.000000
0.002710 74.000000
0.002675 10.000000
0.002666 193.000000
0.002633 296.000000
0.002526 495.000000
0.002516 161.000000
0.002484 99.000000
0.002380 1.000000
0.002365 310.000000
0.002356 288.000000
0.002306 266.000000
0.002298 85.000000
0.002297 172.000000
0.002292 343.000000
0.002228 82.000000
0.002219 81.000000
0.002185 174.000000
0.002169 60.000000
0.002143 158.000000
0.002091 47.000000
0.002081 291.000000
0.002066 41.000000
0.002063 153.000000
0.002047 513.000000
0.002024 44.000000
0.001975 126.000000
0.001974 711.000000
0.001953 104.000000
0.001948 123.000000
0.001868 442.000000
0.001842 101.000000
0.001828 102.000000
0.001825 446.000000
0.001823 159.000000
0.001807 788.000000
0.001778 89.000000
0.001771 76.000000
0.001753 118.000000
0.001733 243.000000
0.001693 323.000000
0.001677 365.000000
0.001657 139.000000
0.001656 206.000000
0.001653 127.000000
0.001637 307.000000
0.001636 33.000000
0.001618 286.000000
0.001610 238.000000
0.001602 169.000000
0.001595 175.000000
0.001585 40.000000
0.001575 781.000000
0.001564 230.000000
0.001545 188.000000
0.001541 140.000000
0.001531 429.000000
0.001521 762.000000
0.001519 223.000000
0.001513 211.000000
0.001505 254.000000
0.001504 688.000000
0.001482 812.000000
0.001468 480.000000
0.001459 222.000000
0.001455 79.000000
0.001454 356.000000
0.001434 185.000000
0.001420 448.000000
0.001401 119.000000
0.001380 137.000000
0.001317 360.000000
0.001302 336.000000
0.001286 26.000000
0.001283 358.000000
0.001280 415.000000
0.001276 120.000000
0.001261 319.000000
0.001250 94.000000
0.001238 332.000000
0.001233 397.000000
0.001192 520.000000
0.001189 132.000000
0.001178 263.000000
0.001173 54.000000
0.001167 400.000000
0.001155 301.000000
0.001155 195.000000
0.001146 401.000000
0.001142 252.000000
0.001115 192.000000
0.001112 242.000000
0.001110 334.000000
0.001104 246.000000
0.001091 50.000000
0.001083 325.000000
0.001081 290.000000
0.001080 361.000000
0.001060 124.000000
0.001057 170.000000
0.001052 35.000000
0.001043 70.000000
0.001036 166.000000
0.001035 63.000000
0.001023 306.000000
0.001013 340.000000
0.001012 229.000000
0.001009 95.000000
0.000998 449.000000
0.000988 512.000000
0.000976 73.000000
0.000973 80.000000
0.000971 157.000000
0.000955 190.000000
0.000954 103.000000
0.000927 973.000000
0.000920 411.000000
0.000910 149.000000
0.000900 378.000000
0.000894 251.000000
0.000889 215.000000
0.000881 798.000000
0.000880 147.000000
0.000878 774.000000
0.000866 111.000000
0.000866 639.000000
0.000862 171.000000
0.000858 598.000000
0.000850 131.000000
0.000843 21.000000
0.000843 750.000000
0.000841 796.000000
0.000837 561.000000
0.000832 997.000000
0.000824 522.000000
0.000824 202.000000
0.000817 344.000000
0.000815 136.000000
0.000804 626.000000
0.000803 834.000000
0.000791 633.000000
0.000791 134.000000
0.000785 255.000000
0.000783 295.000000
0.000780 671.000000
0.000777 265.000000
0.000775 78.000000
0.000770 214.000000
0.000766 357.000000
0.000764 579.000000
0.000759 258.000000
0.000759 267.000000
0.000758 302.000000
0.000752 352.000000
0.000752 476.000000
0.000752 189.000000
0.000750 181.000000
0.000748 122.000000
0.000744 508.000000
0.000743 110.000000
0.000741 494.000000
0.000740 892.000000
0.000735 218.000000
0.000728 804.000000
0.000728 568.000000
0.000728 641.000000
0.000723 348.000000
0.000720 679.000000
0.000720 578.000000
0.000716 231.000000
0.000715 434.000000
0.000710 455.000000
0.000706 129.000000
0.000706 182.000000
0.000702 279.000000
0.000698 374.000000
0.000695 368.000000
0.000695 64.000000
0.000688 827.000000
0.000687 138.000000
0.000686 473.000000
0.000684 418.000000
0.000684 117.000000
0.000682 408.000000
0.000682 146.000000
0.000677 551.000000
0.000675 114.000000
0.000670 666.000000
0.000670 521.000000
0.000667 395.000000
0.000665 203.000000
0.000664 560.000000
0.000663 721.000000
0.000661 387.000000
0.000655 460.000000
0.000652 661.000000
0.000651 142.000000
0.000647 303.000000
0.000647 48.000000
0.000646 364.000000
0.000642 83.000000
0.000642 201.000000
0.000641 526.000000
0.000636 794.000000
0.000631 55.000000
0.000630 443.000000
0.000621 833.000000
0.000621 518.000000
0.000614 417.000000
0.000612 200.000000
0.000612 183.000000
0.000610 350.000000
0.000609 503.000000
0.000607 420.000000
0.000602 278.000000
0.000600 627.000000
0.000594 187.000000
0.000585 46.000000
0.000585 500.000000
0.000583 757.000000
0.000579 96.000000
0.000578 371.000000
0.000576 148.000000
0.000576 481.000000
0.000573 664.000000
0.000572 498.000000
0.000568 198.000000
0.000566 760.000000
0.000566 529.000000
0.000564 790.000000
0.000564 292.000000
0.000564 100.000000
0.000563 524.000000
0.000561 756.000000
0.000559 511.000000
0.000556 485.000000
0.000554 602.000000
0.000554 268.000000
0.000550 394.000000
0.000546 196.000000
0.000546 617.000000
0.000546 530.000000
0.000546 328.000000
0.000546 717.000000
0.000545 832.000000
0.000545 525.000000
0.000544 612.000000
0.000539 866.000000
0.000538 556.000000
0.000537 895.000000
0.000536 272.000000
0.000534 75.000000
0.000532 682.000000
0.000529 575.000000
0.000528 718.000000
0.000526 373.000000
0.000526 125.000000
0.000525 107.000000
0.000519 234.000000
0.000519 779.000000
0.000518 284.000000
0.000517 274.000000
0.000514 208.000000
0.000512 173.000000
0.000506 1001.000000
0.000503 298.000000
0.000501 595.000000
0.000500 372.000000
0.000499 552.000000
0.000497 541.000000
0.000497 326.000000
0.000496 145.000000
0.000494 178.000000
0.000493 113.000000
0.000491 461.000000
0.000491 271.000000
0.000491 322.000000
0.000489 468.000000
0.000488 488.000000
0.000487 1030.000000
0.000485 759.000000
0.000483 204.000000
0.000481 421.000000
0.000480 800.000000
0.000479 549.000000
0.000479 233.000000
0.000479 297.000000
0.000478 922.000000
0.000473 645.000000
0.000472 514.000000
0.000470 69.000000
0.000469 557.000000
0.000468 687.000000
0.000466 700.000000
0.000462 329.000000
0.000456 980.000000
0.000456 186.000000
0.000453 281.000000
0.000451 660.000000
0.000451 179.000000
0.000449 723.000000
0.000448 388.000000
0.000447 482.000000
0.000442 709.000000
0.000440 497.000000
0.000440 235.000000
0.000440 331.000000
0.000437 324.000000
0.000433 836.000000
0.000432 734.000000
0.000426 264.000000
0.000426 618.000000
0.000426 270.000000
0.000424 857.000000
0.000423 592.000000
0.000422 232.000000
0.000422 490.000000
0.000420 425.000000
0.000420 867.000000
0.000419 929.000000
0.000417 876.000000
0.000415 469.000000
0.000415 385.000000
0.000415 845.000000
0.000415 994.000000
0.000414 706.000000
0.000414 248.000000
0.000408 539.000000
0.000408 509.000000
0.000406 731.000000
0.000406 744.000000
0.000406 628.000000
0.000404 930.000000
0.000402 216.000000
0.000401 427.000000
0.000401 486.000000
0.000401 221.000000
0.000401 741.000000
0.000398 499.000000
0.000395 1027.000000
0.000392 547.000000
0.000391 247.000000
0.000390 502.000000
0.000390 121.000000
0.000390 746.000000
0.000389 506.000000
0.000389 886.000000
0.000388 269.000000
0.000387 773.000000
0.000387 381.000000
0.000386 625.000000
0.000385 479.000000
0.000384 1004.000000
0.000382 576.000000
0.000381 282.000000
0.000380 209.000000
0.000380 883.000000
0.000379 893.000000
0.000378 708.000000
0.000378 337.000000
0.000375 426.000000
0.000374 380.000000
0.000374 312.000000
0.000373 466.000000
0.000372 355.000000
0.000369 289.000000
0.000367 165.000000
0.000366 458.000000
0.000365 144.000000
0.000365 940.000000
0.000364 906.000000
0.000360 975.000000
0.000360 710.000000
0.000358 542.000000
0.000358 608.000000
0.000357 887.000000
0.000357 871.000000
0.000356 635.000000
0.000356 335.000000
0.000355 803.000000
0.000355 686.000000
0.000355 416.000000
0.000354 795.000000
0.000352 656.000000
0.000350 604.000000
0.000350 464.000000
0.000350 581.000000
0.000350 631.000000
0.000350 375.000000
0.000349 413.000000
0.000348 309.000000
0.000348 714.000000
0.000348 683.000000
0.000348 896.000000
0.000346 655.000000
0.000346 370.000000
0.000344 537.000000
0.000344 1028.000000
0.000344 330.000000
0.000344 423.000000
0.000344 308.000000
0.000343 517.000000
0.000343 638.000000
0.000342 454.000000
0.000342 392.000000
0.000342 967.000000
0.000342 970.000000
0.000341 226.000000
0.000341 782.000000
0.000340 531.000000
0.000340 623.000000
0.000340 874.000000
0.000340 739.000000
0.000337 293.000000
0.000337 716.000000
0.000337 287.000000
0.000336 736.000000
0.000335 775.000000
0.000333 768.000000
0.000332 620.000000
0.000331 875.000000
0.000331 412.000000
0.000330 450.000000
0.000328 156.000000
0.000327 496.000000
0.000324 799.000000
0.000324 359.000000
0.000324 704.000000
0.000324 653.000000
0.000324 447.000000
0.000323 399.000000
0.000323 822.000000
0.000322 1014.000000
0.000322 543.000000
0.000322 963.000000
0.000321 379.000000
0.000321 873.000000
0.000320 341.000000
0.000320 999.000000
0.000320 889.000000
0.000319 719.000000
0.000319 684.000000
0.000318 884.000000
0.000318 673.000000
0.000318 870.000000
0.000318 390.000000
0.000315 1032.000000
0.000314 484.000000
0.000314 227.000000
0.000314 184.000000
0.000312 444.000000
0.000311 933.000000
0.000311 241.000000
0.000311 152.000000
0.000311 675.000000
0.000311 453.000000
0.000310 694.000000
0.000309 740.000000
0.000308 440.000000
0.000308 143.000000
0.000307 690.000000
0.000307 237.000000
0.000305 320.000000
0.000305 367.000000
0.000305 597.000000
0.000305 536.000000
0.000304 199.000000
0.000303 245.000000
0.000301 220.000000
0.000301 985.000000
0.000300 644.000000
0.000299 424.000000
0.000298 313.000000
0.000296 965.000000
0.000295 697.000000
0.000295 629.000000
0.000295 236.000000
0.000294 777.000000
0.000294 880.000000
0.000293 702.000000
0.000292 435.000000
0.000292 487.000000
0.000292 540.000000
0.000292 1044.000000
0.000291 580.000000
0.000291 285.000000
0.000290 225.000000
0.000290 528.000000
0.000290 908.000000
0.000289 213.000000
0.000289 428.000000
0.000289 261.000000
0.000288 389.000000
0.000288 168.000000
0.000287 566.000000
0.000286 376.000000
0.000286 519.000000
0.000285 713.000000
0.000284 899.000000
0.000283 802.000000
0.000282 573.000000
0.000282 403.000000
0.000282 68.000000
0.000281 470.000000
0.000281 207.000000
0.000281 815.000000
0.000281 219.000000
0.000279 603.000000
0.000279 699.000000
0.000279 724.000000
0.000279 765.000000
0.000279 437.000000
0.000278 383.000000
0.000278 813.000000
0.000277 115.000000
0.000277 409.000000
0.000276 613.000000
0.000276 606.000000
0.000275 797.000000
0.000274 304.000000
0.000274 257.000000
0.000274 844.000000
0.000273 369.000000
0.000273 366.000000
0.000273 931.000000
0.000271 546.000000
0.000270 438.000000
0.000270 244.000000
0.000270 1043.000000
0.000269 128.000000
0.000269 391.000000
0.000268 976.000000
0.000267 472.000000
0.000266 523.000000
0.000265 317.000000
0.000265 553.000000
0.000265 433.000000
0.000265 649.000000
0.000264 783.000000
0.000264 305.000000
0.000263 86.000000
0.000263 817.000000
0.000263 456.000000
0.000261 590.000000
0.000261 349.000000
0.000261 872.000000
0.000260 92.000000
0.000259 386.000000
0.000256 471.000000
0.000256 154.000000
0.000255 492.000000
0.000255 346.000000
0.000254 419.000000
0.000254 300.000000
0.000254 571.000000
0.000253 665.000000
0.000253 758.000000
0.000253 262.000000
0.000253 663.000000
0.000253 793.000000
0.000253 493.000000
0.000252 662.000000
0.000251 733.000000
0.000251 632.000000
0.000250 294.000000
0.000250 353.000000
0.000249 217.000000
0.000249 642.000000
0.000249 918.000000
0.000248 919.000000
0.000248 752.000000
0.000247 830.000000
0.000246 674.000000
0.000245 921.000000
0.000245 730.000000
0.000244 436.000000
0.000243 176.000000
0.000242 457.000000
0.000241 505.000000
0.000241 354.000000
0.000240 601.000000
0.000239 253.000000
0.000239 808.000000
0.000239 501.000000
0.000238 565.000000
0.000238 465.000000
0.000238 732.000000
0.000238 345.000000
0.000237 689.000000
0.000237 814.000000
0.000236 559.000000
0.000234 753.000000
0.000233 888.000000
0.000232 544.000000
0.000232 692.000000
0.000232 990.000000
0.000231 439.000000
0.000230 510.000000
0.000229 806.000000
0.000227 406.000000
0.000227 696.000000
0.000226 570.000000
0.000226 405.000000
0.000225 805.000000
0.000225 957.000000
0.000224 462.000000
0.000224 943.000000
0.000222 256.000000
0.000222 767.000000
0.000221 698.000000
0.000221 853.000000
0.000220 670.000000
0.000219 1000.000000
0.000218 941.000000
0.000217 947.000000
0.000217 860.000000
0.000216 621.000000
0.000216 816.000000
0.000215 273.000000
0.000214 624.000000
0.000214 672.000000
0.000213 277.000000
0.000212 810.000000
0.000210 677.000000
0.000210 828.000000
0.000209 654.000000
0.000209 564.000000
0.000208 658.000000
0.000207 680.000000
0.000207 786.000000
0.000205 558.000000
0.000205 885.000000
0.000205 339.000000
0.000205 972.000000
0.000204 958.000000
0.000203 831.000000
0.000203 12.000000
0.000203 431.000000
0.000203 634.000000
0.000202 311.000000
0.000202 651.000000
0.000200 989.000000
0.000200 1020.000000
0.000200 821.000000
0.000200 791.000000
0.000200 755.000000
0.000199 150.000000
0.000199 707.000000
0.000198 748.000000
0.000198 636.000000
0.000198 851.000000
0.000198 722.000000
0.000197 738.000000
0.000196 228.000000
0.000196 583.000000
0.000195 532.000000
0.000195 727.000000
0.000194 695.000000
0.000193 577.000000
0.000193 259.000000
0.000193 964.000000
0.000193 839.000000
0.000193 801.000000
0.000192 477.000000
0.000191 586.000000
0.000191 754.000000
0.000191 316.000000
0.000190 1006.000000
0.000189 239.000000
0.000188 515.000000
0.000187 924.000000
0.000187 249.000000
0.000187 240.000000
0.000187 811.000000
0.000186 607.000000
0.000186 422.000000
0.000185 983.000000
0.000185 864.000000
0.000184 928.000000
0.000184 909.000000
0.000184 548.000000
0.000183 538.000000
0.000183 950.000000
0.000182 917.000000
0.000182 905.000000
0.000181 701.000000
0.000180 205.000000
0.000180 907.000000
0.000180 819.000000
0.000180 835.000000
0.000180 351.000000
0.000179 445.000000
0.000179 979.000000
0.000178 745.000000
0.000178 545.000000
0.000177 749.000000
0.000177 962.000000
0.000177 467.000000
0.000175 569.000000
0.000174 926.000000
0.000174 441.000000
0.000174 820.000000
0.000174 167.000000
0.000173 934.000000
0.000173 763.000000
0.000172 177.000000
0.000172 504.000000
0.000172 705.000000
0.000170 1021.000000
0.000169 824.000000
0.000169 818.000000
0.000169 516.000000
0.000169 1012.000000
0.000169 555.000000
0.000168 691.000000
0.000168 327.000000
0.000168 726.000000
0.000167 742.000000
0.000167 283.000000
0.000167 840.000000
0.000166 681.000000
0.000166 693.000000
0.000166 751.000000
0.000166 911.000000
0.000166 430.000000
0.000165 260.000000
0.000165 927.000000
0.000165 879.000000
0.000164 956.000000
0.000164 747.000000
0.000164 338.000000
0.000162 410.000000
0.000162 362.000000
0.000162 250.000000
0.000162 862.000000
0.000162 407.000000
0.000162 585.000000
0.000161 878.000000
0.000161 669.000000
0.000161 837.000000
0.000161 910.000000
0.000160 630.000000
0.000159 809.000000
0.000158 668.000000
0.000158 398.000000
0.000158 533.000000
0.000157 333.000000
0.000157 913.000000
0.000156 787.000000
0.000156 210.000000
0.000155 554.000000
0.000155 299.000000
0.000155 935.000000
0.000154 550.000000
0.000153 981.000000
0.000153 712.000000
0.000153 1026.000000
0.000152 507.000000
0.000151 838.000000
0.000151 945.000000
0.000150 562.000000
0.000150 764.000000
0.000150 725.000000
0.000149 914.000000
0.000149 1016.000000
0.000149 491.000000
0.000148 593.000000
0.000148 452.000000
0.000148 1051.000000
0.000148 605.000000
0.000147 868.000000
0.000147 792.000000
0.000147 599.000000
0.000147 657.000000
0.000147 936.000000
0.000147 615.000000
0.000146 609.000000
0.000146 859.000000
0.000146 903.000000
0.000145 347.000000
0.000145 978.000000
0.000144 622.000000
0.000144 648.000000
0.000144 826.000000
0.000143 591.000000
0.000143 404.000000
0.000142 715.000000
0.000142 920.000000
0.000142 847.000000
0.000142 951.000000
0.000142 969.000000
0.000141 858.000000
0.000141 643.000000
0.000141 720.000000
0.000141 995.000000
0.000138 275.000000
0.000137 848.000000
0.000136 897.000000
0.000135 1005.000000
0.000134 789.000000
0.000134 402.000000
0.000133 823.000000
0.000133 318.000000
0.000132 966.000000
0.000132 589.000000
0.000130 527.000000
0.000129 1040.000000
0.000129 784.000000
0.000128 535.000000
0.000127 865.000000
0.000127 735.000000
0.000127 912.000000
0.000127 890.000000
0.000127 850.000000
0.000127 939.000000
0.000126 807.000000
0.000126 574.000000
0.000126 197.000000
0.000126 640.000000
0.000125 483.000000
0.000125 1011.000000
0.000125 894.000000
0.000124 743.000000
0.000123 600.000000
0.000122 667.000000
0.000121 587.000000
0.000121 1046.000000
0.000120 1017.000000
0.000119 771.000000
0.000118 212.000000
0.000118 572.000000
0.000117 843.000000
0.000116 396.000000
0.000116 563.000000
0.000116 986.000000
0.000116 902.000000
0.000115 646.000000
0.000115 650.000000
0.000114 588.000000
0.000114 825.000000
0.000113 729.000000
0.000113 703.000000
0.000113 770.000000
0.000111 881.000000
0.000111 1045.000000
0.000110 776.000000
0.000110 946.000000
0.000110 916.000000
0.000110 996.000000
0.000109 489.000000
0.000109 842.000000
0.000109 974.000000
0.000109 611.000000
0.000109 659.000000
0.000108 852.000000
0.000108 977.000000
0.000107 342.000000
0.000106 849.000000
0.000106 1003.000000
0.000106 942.000000
0.000106 900.000000
0.000104 1010.000000
0.000103 737.000000
0.000103 676.000000
0.000102 991.000000
0.000102 1038.000000
0.000101 846.000000
0.000100 988.000000
0.000100 474.000000
0.000099 475.000000
0.000096 384.000000
0.000096 596.000000
0.000096 534.000000
0.000095 891.000000
0.000095 901.000000
0.000094 984.000000
0.000093 869.000000
0.000093 960.000000
0.000091 785.000000
0.000091 925.000000
0.000091 953.000000
0.000090 856.000000
0.000090 898.000000
0.000090 1023.000000
0.000089 954.000000
0.000087 949.000000
0.000086 993.000000
0.000085 478.000000
0.000085 1042.000000
0.000085 780.000000
0.000085 280.000000
0.000084 463.000000
0.000082 987.000000
0.000080 877.000000
0.000078 432.000000
0.000078 582.000000
0.000077 855.000000
0.000077 778.000000
0.000077 1049.000000
0.000076 584.000000
0.000076 948.000000
0.000075 1035.000000
0.000075 1024.000000
0.000075 382.000000
0.000074 992.000000
0.000074 861.000000
0.000073 841.000000
0.000073 315.000000
0.000071 1034.000000
0.000071 952.000000
0.000069 728.000000
0.000069 1039.000000
0.000068 1037.000000
0.000066 882.000000
0.000065 904.000000
0.000064 594.000000
0.000062 854.000000
0.000062 685.000000
0.000061 1050.000000
0.000061 567.000000
0.000060 998.000000
0.000059 968.000000
0.000058 971.000000
0.000058 769.000000
0.000057 1025.000000
0.000057 1019.000000
0.000057 1036.000000
0.000057 1015.000000
0.000056 610.000000
0.000053 619.000000
0.000053 1031.000000
0.000053 451.000000
0.000053 961.000000
0.000052 678.000000
0.000052 829.000000
0.000051 1022.000000
0.000051 616.000000
0.000049 932.000000
0.000049 652.000000
0.000047 637.000000
0.000046 938.000000
0.000046 1008.000000
0.000046 772.000000
0.000045 923.000000
0.000041 955.000000
0.000041 937.000000
0.000041 761.000000
0.000038 915.000000
0.000037 393.000000
0.000037 766.000000
0.000036 1041.000000
0.000035 1002.000000
0.000032 1033.000000
0.000032 863.000000
0.000029 614.000000
0.000029 1029.000000
0.000028 647.000000
0.000026 1047.000000
0.000025 1009.000000
0.000025 1018.000000
0.000025 982.000000
0.000023 1007.000000
0.000016 1013.000000
0.000013 98.000000
0.000006 194.000000
0.000005 944.000000
0.000003 959.000000
0.000000 1048.000000
