0.025630 6.000000
0.019449 13.000000
0.019332 18.000000
0.018328 37.000000
0.017242 8.000000
0.016590 11.000000
0.014535 2.000000
0.012572 5.000000
0.011733 91.000000
0.011473 24.000000
0.011463 3.000000
0.010131 39.000000
0.009809 109.000000
0.009740 7.000000
0.009459 14.000000
0.009459 9.000000
0.009451 20.000000
0.009319 28.000000
0.009316 27.000000
0.008907 30.000000
0.008287 49.000000
0.007813 17.000000
0.006573 65.000000
0.006545 36.000000
0.006473 84.000000
0.006450 19.000000
0.006336 4.000000
0.006282 87.000000
0.005862 31.000000
0.005772 224.000000
0.005667 52.000000
0.005590 106.000000
0.005520 314.000000
0.005349 112.000000
0.005345 133.000000
0.005311 116.000000
0.005264 71.000000
0.005167 72.000000
0.005088 191.000000
0.005087 61.000000
0.005039 160.000000
0.004953 163.000000
0.004861 0.000000
0.004800 414.000000
0.004768 32.000000
0.004645 363.000000
0.004630 135.000000
0.004607 164.000000
0.004455 162.000000
0.004395 51.000000
0.004394 29.000000
0.004364 22.000000
0.004221 25.000000
0.004202 45.000000
0.004154 58.000000
0.004011 151.000000
0.003993 15.000000
0.003918 62.000000
0.003897 67.000000
0.003890 43.000000
0.003836 88.000000
0.003815 108.000000
0.003710 90.000000
0.003669 23.000000
0.003640 59.000000
0.003470 459.000000
0.003352 56.000000
0.003341 105.000000
0.003274 141.000000
0.003238 180.000000
0.003175 321.000000
0.003173 155.000000
0.003135 276.000000
0.003124 38.000000
0.003058 34.000000
0.003026 53.000000
0.002951 66.000000
0.002938 42.000000
0.002919 77.000000
0.002906 377.000000
0.002886 130.000000
0.002837 16.000000
0.002815 93.000000
0.002771 97.000000
0.002739 57.000000
0.002706 193.000000
0.002702 74.000000
0.002670 296.000000
0.002661 10.000000
0.002544 161.000000
0.002537 495.000000
0.002462 99.000000
0.002375 310.000000
0.002353 288.000000
0.002351 343.000000
0.002348 1.000000
0.002344 266.000000
0.002330 85.000000
0.002314 172.000000
0.002225 82.000000
0.002209 81.000000
0.002188 174.000000
0.002157 60.000000
0.002128 158.000000
0.002100 291.000000
0.002093 47.000000
0.002057 153.000000
0.002049 41.000000
0.002030 513.000000
0.002019 44.000000
0.001976 711.000000
0.001976 126.000000
0.001974 123.000000
0.001966 104.000000
0.001866 442.000000
0.001832 788.000000
0.001816 159.000000
0.001815 101.000000
0.001795 102.000000
0.001782 446.000000
0.001774 89.000000
0.001761 76.000000
0.001739 118.000000
0.001727 243.000000
0.001692 323.000000
0.001673 365.000000
0.001662 206.000000
0.001653 139.000000
0.001646 33.000000
0.001636 307.000000
0.001633 127.000000
0.001614 286.000000
0.001613 781.000000
0.001600 175.000000
0.001592 40.000000
0.001589 169.000000
0.001589 238.000000
0.001553 140.000000
0.001541 188.000000
0.001540 230.000000
0.001535 429.000000
0.001509 211.000000
0.001509 254.000000
0.001504 223.000000
0.001493 688.000000
0.001481 762.000000
0.001471 812.000000
0.001462 356.000000
0.001458 79.000000
0.001454 480.000000
0.001434 222.000000
0.001425 185.000000
0.001409 448.000000
0.001405 119.000000
0.001398 137.000000
0.001324 360.000000
0.001293 336.000000
0.001285 26.000000
0.001279 358.000000
0.001278 415.000000
0.001273 120.000000
0.001244 319.000000
0.001244 94.000000
0.001237 332.000000
0.001222 397.000000
0.001199 520.000000
0.001185 132.000000
0.001176 263.000000
0.001172 195.000000
0.001168 301.000000
0.001162 54.000000
0.001161 400.000000
0.001155 401.000000
0.001137 252.000000
0.001120 50.000000
0.001111 246.000000
0.001111 242.000000
0.001109 334.000000
0.001104 192.000000
0.001080 361.000000
0.001079 290.000000
0.001075 325.000000
0.001068 35.000000
0.001064 170.000000
0.001060 124.000000
0.001057 70.000000
0.001038 63.000000
0.001034 306.000000
0.001030 166.000000
0.001027 340.000000
0.001027 229.000000
0.001013 95.000000
0.000993 449.000000
0.000992 512.000000
0.000970 73.000000
0.000969 157.000000
0.000964 103.000000
0.000958 80.000000
0.000943 190.000000
0.000918 411.000000
0.000916 973.000000
0.000906 149.000000
0.000898 378.000000
0.000891 251.000000
0.000891 215.000000
0.000883 798.000000
0.000861 598.000000
0.000860 147.000000
0.000859 111.000000
0.000855 171.000000
0.000854 774.000000
0.000846 21.000000
0.000844 639.000000
0.000843 796.000000
0.000836 131.000000
0.000835 750.000000
0.000835 561.000000
0.000834 202.000000
0.000824 997.000000
0.000822 522.000000
0.000811 626.000000
0.000809 344.000000
0.000804 136.000000
0.000797 834.000000
0.000796 78.000000
0.000794 134.000000
0.000794 295.000000
0.000784 258.000000
0.000781 671.000000
0.000780 255.000000
0.000776 214.000000
0.000770 357.000000
0.000769 265.000000
0.000768 579.000000
0.000762 302.000000
0.000756 494.000000
0.000755 267.000000
0.000749 633.000000
0.000747 508.000000
0.000747 476.000000
0.000746 892.000000
0.000746 181.000000
0.000746 122.000000
0.000743 189.000000
0.000742 368.000000
0.000742 352.000000
0.000736 804.000000
0.000736 231.000000
0.000730 568.000000
0.000726 110.000000
0.000724 218.000000
0.000719 374.000000
0.000719 578.000000
0.000717 641.000000
0.000715 434.000000
0.000714 348.000000
0.000711 182.000000
0.000708 455.000000
0.000707 679.000000
0.000703 129.000000
0.000699 666.000000
0.000697 279.000000
0.000691 64.000000
0.000689 473.000000
0.000685 138.000000
0.000682 117.000000
0.000680 408.000000
0.000680 146.000000
0.000679 114.000000
0.000678 521.000000
0.000674 418.000000
0.000673 551.000000
0.000673 48.000000
0.000673 721.000000
0.000664 560.000000
0.000663 203.000000
0.000662 827.000000
0.000662 661.000000
0.000657 460.000000
0.000657 395.000000
0.000647 303.000000
0.000643 142.000000
0.000642 201.000000
0.000641 387.000000
0.000640 83.000000
0.000639 364.000000
0.000637 526.000000
0.000622 200.000000
0.000621 794.000000
0.000620 518.000000
0.000618 627.000000
0.000618 55.000000
0.000613 183.000000
0.000610 503.000000
0.000609 417.000000
0.000607 350.000000
0.000605 443.000000
0.000602 500.000000
0.000602 420.000000
0.000601 278.000000
0.000589 46.000000
0.000588 187.000000
0.000584 371.000000
0.000583 481.000000
0.000581 96.000000
0.000579 148.000000
0.000577 757.000000
0.000575 790.000000
0.000575 664.000000
0.000571 292.000000
0.000568 498.000000
0.000567 529.000000
0.000566 833.000000
0.000564 760.000000
0.000564 100.000000
0.000564 524.000000
0.000563 198.000000
0.000560 602.000000
0.000555 485.000000
0.000554 756.000000
0.000554 511.000000
0.000553 196.000000
0.000550 617.000000
0.000550 394.000000
0.000550 268.000000
0.000549 832.000000
0.000544 717.000000
0.000544 328.000000
0.000543 612.000000
0.000541 525.000000
0.000540 530.000000
0.000539 272.000000
0.000536 556.000000
0.000533 107.000000
0.000533 866.000000
0.000532 682.000000
0.000529 895.000000
0.000527 575.000000
0.000526 718.000000
0.000522 1001.000000
0.000519 284.000000
0.000518 75.000000
0.000518 595.000000
0.000515 372.000000
0.000514 208.000000
0.000514 779.000000
0.000514 274.000000
0.000512 173.000000
0.000511 234.000000
0.000510 549.000000
0.000509 125.000000
0.000507 373.000000
0.000501 113.000000
0.000500 552.000000
0.000499 541.000000
0.000496 326.000000
0.000495 178.000000
0.000493 145.000000
0.000492 298.000000
0.000490 271.000000
0.000485 488.000000
0.000485 204.000000
0.000485 297.000000
0.000484 759.000000
0.000484 322.000000
0.000482 421.000000
0.000479 461.000000
0.000479 233.000000
0.000476 800.000000
0.000473 514.000000
0.000471 1030.000000
0.000465 922.000000
0.000465 557.000000
0.000465 468.000000
0.000463 700.000000
0.000462 687.000000
0.000458 329.000000
0.000458 69.000000
0.000453 281.000000
0.000452 186.000000
0.000447 660.000000
0.000445 388.000000
0.000444 980.000000
0.000444 723.000000
0.000443 385.000000
0.000442 482.000000
0.000442 709.000000
0.000439 324.000000
0.000438 179.000000
0.000436 235.000000
0.000435 497.000000
0.000435 836.000000
0.000432 331.000000
0.000431 734.000000
0.000426 592.000000
0.000426 618.000000
0.000425 264.000000
0.000423 857.000000
0.000423 270.000000
0.000422 232.000000
0.000421 490.000000
0.000421 994.000000
0.000418 425.000000
0.000417 744.000000
0.000417 706.000000
0.000416 876.000000
0.000416 867.000000
0.000415 469.000000
0.000414 929.000000
0.000411 248.000000
0.000411 645.000000
0.000410 539.000000
0.000407 427.000000
0.000407 731.000000
0.000406 628.000000
0.000406 221.000000
0.000406 509.000000
0.000405 1027.000000
0.000404 741.000000
0.000403 845.000000
0.000403 216.000000
0.000401 486.000000
0.000398 499.000000
0.000395 930.000000
0.000392 708.000000
0.000392 121.000000
0.000390 886.000000
0.000390 247.000000
0.000389 746.000000
0.000388 502.000000
0.000388 506.000000
0.000387 269.000000
0.000387 773.000000
0.000387 547.000000
0.000386 1004.000000
0.000386 479.000000
0.000386 381.000000
0.000385 625.000000
0.000381 209.000000
0.000381 883.000000
0.000380 576.000000
0.000379 893.000000
0.000376 975.000000
0.000376 426.000000
0.000375 312.000000
0.000375 380.000000
0.000375 282.000000
0.000374 466.000000
0.000372 355.000000
0.000369 165.000000
0.000366 458.000000
0.000366 335.000000
0.000365 289.000000
0.000365 144.000000
0.000365 940.000000
0.000364 517.000000
0.000364 887.000000
0.000364 906.000000
0.000362 337.000000
0.000359 635.000000
0.000359 542.000000
0.000358 608.000000
0.000358 710.000000
0.000357 967.000000
0.000357 803.000000
0.000356 686.000000
0.000354 416.000000
0.000353 464.000000
0.000353 871.000000
0.000353 795.000000
0.000352 581.000000
0.000352 656.000000
0.000349 375.000000
0.000349 413.000000
0.000348 309.000000
0.000348 631.000000
0.000348 683.000000
0.000347 330.000000
0.000345 714.000000
0.000345 782.000000
0.000344 896.000000
0.000344 1028.000000
0.000343 537.000000
0.000343 655.000000
0.000342 623.000000
0.000342 604.000000
0.000342 454.000000
0.000342 392.000000
0.000342 638.000000
0.000341 226.000000
0.000340 874.000000
0.000339 531.000000
0.000339 423.000000
0.000338 716.000000
0.000337 970.000000
0.000336 736.000000
0.000335 370.000000
0.000335 287.000000
0.000334 768.000000
0.000334 1032.000000
0.000333 293.000000
0.000332 620.000000
0.000332 450.000000
0.000332 412.000000
0.000331 739.000000
0.000331 963.000000
0.000330 156.000000
0.000328 308.000000
0.000327 496.000000
0.000327 875.000000
0.000326 653.000000
0.000325 799.000000
0.000324 399.000000
0.000324 447.000000
0.000323 775.000000
0.000323 704.000000
0.000323 341.000000
0.000322 822.000000
0.000322 543.000000
0.000321 444.000000
0.000321 379.000000
0.000321 684.000000
0.000321 999.000000
0.000320 889.000000
0.000320 873.000000
0.000319 390.000000
0.000319 719.000000
0.000318 884.000000
0.000317 673.000000
0.000315 870.000000
0.000315 184.000000
0.000314 227.000000
0.000313 484.000000
0.000313 359.000000
0.000312 1014.000000
0.000312 241.000000
0.000311 453.000000
0.000311 933.000000
0.000311 675.000000
0.000310 597.000000
0.000309 740.000000
0.000308 536.000000
0.000307 152.000000
0.000307 237.000000
0.000307 690.000000
0.000307 143.000000
0.000307 440.000000
0.000305 220.000000
0.000304 199.000000
0.000303 320.000000
0.000302 245.000000
0.000302 985.000000
0.000301 435.000000
0.000301 644.000000
0.000301 367.000000
0.000298 424.000000
0.000297 236.000000
0.000295 697.000000
0.000295 777.000000
0.000294 694.000000
0.000294 629.000000
0.000294 540.000000
0.000294 1044.000000
0.000293 313.000000
0.000292 389.000000
0.000291 580.000000
0.000291 880.000000
0.000291 487.000000
0.000290 168.000000
0.000290 702.000000
0.000290 285.000000
0.000290 528.000000
0.000289 965.000000
0.000289 225.000000
0.000289 213.000000
0.000288 428.000000
0.000288 261.000000
0.000287 908.000000
0.000287 566.000000
0.000286 207.000000
0.000286 376.000000
0.000285 519.000000
0.000285 713.000000
0.000283 802.000000
0.000283 899.000000
0.000282 573.000000
0.000282 219.000000
0.000282 403.000000
0.000282 470.000000
0.000280 815.000000
0.000280 724.000000
0.000279 68.000000
0.000279 437.000000
0.000279 765.000000
0.000279 603.000000
0.000278 115.000000
0.000278 699.000000
0.000278 1043.000000
0.000277 813.000000
0.000277 438.000000
0.000277 409.000000
0.000276 383.000000
0.000276 613.000000
0.000276 606.000000
0.000275 797.000000
0.000274 369.000000
0.000274 304.000000
0.000274 456.000000
0.000274 844.000000
0.000273 257.000000
0.000272 366.000000
0.000271 546.000000
0.000271 931.000000
0.000270 391.000000
0.000270 976.000000
0.000269 128.000000
0.000269 244.000000
0.000268 553.000000
0.000267 472.000000
0.000265 523.000000
0.000264 317.000000
0.000264 433.000000
0.000263 783.000000
0.000263 649.000000
0.000263 305.000000
0.000261 349.000000
0.000261 918.000000
0.000261 86.000000
0.000260 817.000000
0.000260 872.000000
0.000259 92.000000
0.000259 793.000000
0.000258 386.000000
0.000258 665.000000
0.000258 571.000000
0.000257 590.000000
0.000255 300.000000
0.000255 471.000000
0.000254 419.000000
0.000254 262.000000
0.000254 492.000000
0.000254 663.000000
0.000253 154.000000
0.000252 733.000000
0.000252 493.000000
0.000252 758.000000
0.000252 662.000000
0.000250 294.000000
0.000250 632.000000
0.000249 752.000000
0.000248 642.000000
0.000248 919.000000
0.000248 353.000000
0.000248 346.000000
0.000248 830.000000
0.000247 674.000000
0.000246 921.000000
0.000244 730.000000
0.000243 176.000000
0.000242 217.000000
0.000241 601.000000
0.000241 505.000000
0.000240 808.000000
0.000240 354.000000
0.000240 457.000000
0.000239 253.000000
0.000239 501.000000
0.000238 436.000000
0.000238 814.000000
0.000238 465.000000
0.000237 345.000000
0.000237 544.000000
0.000237 689.000000
0.000237 806.000000
0.000236 559.000000
0.000234 732.000000
0.000234 888.000000
0.000232 692.000000
0.000232 439.000000
0.000231 990.000000
0.000231 565.000000
0.000230 510.000000
0.000229 753.000000
0.000226 767.000000
0.000226 805.000000
0.000226 405.000000
0.000225 696.000000
0.000225 957.000000
0.000224 462.000000
0.000223 406.000000
0.000223 570.000000
0.000221 698.000000
0.000220 853.000000
0.000219 1000.000000
0.000218 256.000000
0.000218 947.000000
0.000217 670.000000
0.000217 273.000000
0.000217 828.000000
0.000217 860.000000
0.000216 816.000000
0.000216 277.000000
0.000216 624.000000
0.000215 621.000000
0.000214 941.000000
0.000212 672.000000
0.000212 943.000000
0.000210 677.000000
0.000210 810.000000
0.000209 564.000000
0.000208 654.000000
0.000208 658.000000
0.000207 680.000000
0.000206 786.000000
0.000205 558.000000
0.000205 972.000000
0.000205 958.000000
0.000205 885.000000
0.000204 989.000000
0.000204 634.000000
0.000203 12.000000
0.000203 738.000000
0.000202 431.000000
0.000202 831.000000
0.000202 755.000000
0.000202 311.000000
0.000202 1020.000000
0.000202 636.000000
0.000201 651.000000
0.000200 150.000000
0.000200 821.000000
0.000199 707.000000
0.000198 791.000000
0.000198 748.000000
0.000198 851.000000
0.000198 909.000000
0.000197 583.000000
0.000197 722.000000
0.000197 228.000000
0.000196 964.000000
0.000195 259.000000
0.000195 727.000000
0.000195 532.000000
0.000193 839.000000
0.000193 695.000000
0.000193 577.000000
0.000193 477.000000
0.000192 801.000000
0.000192 316.000000
0.000191 586.000000
0.000191 754.000000
0.000191 515.000000
0.000190 924.000000
0.000190 1006.000000
0.000188 928.000000
0.000188 249.000000
0.000188 239.000000
0.000187 240.000000
0.000187 811.000000
0.000186 422.000000
0.000185 983.000000
0.000185 950.000000
0.000184 864.000000
0.000184 607.000000
0.000184 445.000000
0.000184 979.000000
0.000183 917.000000
0.000182 905.000000
0.000182 205.000000
0.000182 548.000000
0.000181 701.000000
0.000181 819.000000
0.000180 907.000000
0.000179 538.000000
0.000178 339.000000
0.000177 962.000000
0.000177 749.000000
0.000177 467.000000
0.000176 835.000000
0.000176 763.000000
0.000175 545.000000
0.000175 569.000000
0.000175 751.000000
0.000175 745.000000
0.000175 441.000000
0.000174 934.000000
0.000174 167.000000
0.000174 820.000000
0.000174 926.000000
0.000174 351.000000
0.000172 1021.000000
0.000172 504.000000
0.000172 177.000000
0.000172 843.000000
0.000171 705.000000
0.000170 840.000000
0.000169 862.000000
0.000169 516.000000
0.000169 818.000000
0.000169 824.000000
0.000169 555.000000
0.000168 691.000000
0.000168 327.000000
0.000168 927.000000
0.000167 910.000000
0.000167 283.000000
0.000167 726.000000
0.000167 681.000000
0.000166 742.000000
0.000166 260.000000
0.000166 693.000000
0.000166 911.000000
0.000166 430.000000
0.000165 338.000000
0.000164 879.000000
0.000164 956.000000
0.000163 410.000000
0.000163 362.000000
0.000162 407.000000
0.000161 250.000000
0.000161 837.000000
0.000161 878.000000
0.000161 669.000000
0.000160 668.000000
0.000160 747.000000
0.000159 585.000000
0.000159 809.000000
0.000159 630.000000
0.000158 1012.000000
0.000157 533.000000
0.000157 333.000000
0.000156 913.000000
0.000156 787.000000
0.000156 210.000000
0.000156 981.000000
0.000155 554.000000
0.000155 398.000000
0.000155 935.000000
0.000154 593.000000
0.000153 299.000000
0.000153 725.000000
0.000152 507.000000
0.000151 712.000000
0.000151 945.000000
0.000150 452.000000
0.000150 562.000000
0.000149 550.000000
0.000149 914.000000
0.000149 978.000000
0.000149 491.000000
0.000149 1016.000000
0.000149 1051.000000
0.000148 838.000000
0.000148 657.000000
0.000148 764.000000
0.000148 591.000000
0.000148 792.000000
0.000147 599.000000
0.000147 615.000000
0.000147 859.000000
0.000147 936.000000
0.000147 609.000000
0.000147 868.000000
0.000146 920.000000
0.000146 903.000000
0.000145 605.000000
0.000145 826.000000
0.000145 347.000000
0.000144 622.000000
0.000144 648.000000
0.000143 1026.000000
0.000142 404.000000
0.000142 643.000000
0.000142 951.000000
0.000142 847.000000
0.000142 858.000000
0.000141 969.000000
0.000141 715.000000
0.000140 995.000000
0.000139 720.000000
0.000139 848.000000
0.000138 275.000000
0.000136 897.000000
0.000135 1005.000000
0.000134 402.000000
0.000133 789.000000
0.000133 318.000000
0.000133 823.000000
0.000132 589.000000
0.000130 1040.000000
0.000130 527.000000
0.000129 784.000000
0.000128 535.000000
0.000128 865.000000
0.000127 197.000000
0.000127 912.000000
0.000127 890.000000
0.000127 850.000000
0.000126 807.000000
0.000126 966.000000
0.000126 939.000000
0.000126 735.000000
0.000126 640.000000
0.000125 1011.000000
0.000125 483.000000
0.000124 894.000000
0.000124 743.000000
0.000123 600.000000
0.000122 1017.000000
0.000122 574.000000
0.000122 587.000000
0.000122 667.000000
0.000120 1046.000000
0.000119 771.000000
0.000117 572.000000
0.000117 900.000000
0.000117 646.000000
0.000117 563.000000
0.000117 396.000000
0.000115 986.000000
0.000115 650.000000
0.000115 588.000000
0.000114 825.000000
0.000114 342.000000
0.000113 729.000000
0.000113 770.000000
0.000112 902.000000
0.000111 1045.000000
0.000111 703.000000
0.000111 212.000000
0.000110 974.000000
0.000110 916.000000
0.000110 489.000000
0.000110 776.000000
0.000109 946.000000
0.000109 996.000000
0.000109 881.000000
0.000109 611.000000
0.000109 842.000000
0.000108 852.000000
0.000108 659.000000
0.000108 977.000000
0.000106 1003.000000
0.000106 846.000000
0.000106 849.000000
0.000106 676.000000
0.000106 942.000000
0.000105 991.000000
0.000104 1010.000000
0.000104 1038.000000
0.000103 737.000000
0.000100 474.000000
0.000098 475.000000
0.000097 384.000000
0.000097 891.000000
0.000096 901.000000
0.000096 596.000000
0.000095 988.000000
0.000095 534.000000
0.000094 856.000000
0.000094 984.000000
0.000092 960.000000
0.000092 785.000000
0.000091 953.000000
0.000091 925.000000
0.000090 949.000000
0.000089 898.000000
0.000089 954.000000
0.000089 869.000000
0.000089 1023.000000
0.000085 993.000000
0.000085 478.000000
0.000085 780.000000
0.000084 463.000000
0.000083 280.000000
0.000082 1024.000000
0.000082 987.000000
0.000080 877.000000
0.000079 1042.000000
0.000078 582.000000
0.000078 432.000000
0.000077 778.000000
0.000076 1049.000000
0.000076 584.000000
0.000075 855.000000
0.000075 1035.000000
0.000075 948.000000
0.000075 382.000000
0.000075 841.000000
0.000074 992.000000
0.000074 315.000000
0.000072 861.000000
0.000071 1034.000000
0.000070 728.000000
0.000069 1039.000000
0.000069 952.000000
0.000068 1037.000000
0.000067 882.000000
0.000066 854.000000
0.000065 968.000000
0.000064 904.000000
0.000064 594.000000
0.000061 1015.000000
0.000061 971.000000
0.000061 567.000000
0.000061 1050.000000
0.000060 685.000000
0.000060 998.000000
0.000058 769.000000
0.000057 1019.000000
0.000057 1025.000000
0.000057 1036.000000
0.000056 610.000000
0.000055 619.000000
0.000053 829.000000
0.000053 961.000000
0.000052 678.000000
0.000051 451.000000
0.000051 1031.000000
0.000051 1022.000000
0.000051 616.000000
0.000048 932.000000
0.000047 1008.000000
0.000047 637.000000
0.000047 652.000000
0.000046 938.000000
0.000043 772.000000
0.000043 955.000000
0.000041 923.000000
0.000041 937.000000
0.000041 761.000000
0.000038 915.000000
0.000038 393.000000
0.000037 1041.000000
0.000036 766.000000
0.000036 1002.000000
0.000033 1033.000000
0.000032 863.000000
0.000028 614.000000
0.000028 647.000000
0.000027 1047.000000
0.000025 982.000000
0.000025 1009.000000
0.000025 1018.000000
0.000023 1007.000000
0.000019 1029.000000
0.000016 1013.000000
0.000014 98.000000
0.000006 194.000000
0.000004 944.000000
0.000004 959.000000
0.000000 1048.000000
