0.029267 46.000000
0.022564 107.000000
0.018192 140.000000
0.017148 62.000000
0.016559 45.000000
0.016400 15.000000
0.014562 82.000000
0.013583 73.000000
0.013412 19.000000
0.013233 26.000000
0.013072 5.000000
0.011914 75.000000
0.011336 166.000000
0.010850 72.000000
0.010651 69.000000
0.009864 112.000000
0.009706 76.000000
0.009617 74.000000
0.009288 1.000000
0.009242 30.000000
0.009239 63.000000
0.009220 11.000000
0.008922 91.000000
0.008676 16.000000
0.008343 78.000000
0.008274 125.000000
0.008114 17.000000
0.008082 153.000000
0.008023 106.000000
0.007873 70.000000
0.007783 56.000000
0.007676 115.000000
0.007469 60.000000
0.007425 22.000000
0.007379 58.000000
0.007340 102.000000
0.007306 131.000000
0.007094 104.000000
0.007062 81.000000
0.007011 128.000000
0.006850 24.000000
0.006779 65.000000
0.006653 130.000000
0.006392 167.000000
0.006214 155.000000
0.006157 29.000000
0.006095 169.000000
0.005902 124.000000
0.005881 94.000000
0.005877 118.000000
0.005848 3.000000
0.005765 79.000000
0.005745 99.000000
0.005654 52.000000
0.005581 178.000000
0.005495 175.000000
0.005495 83.000000
0.005448 96.000000
0.005434 7.000000
0.005381 55.000000
0.005251 50.000000
0.005066 127.000000
0.004973 109.000000
0.004954 39.000000
0.004938 142.000000
0.004905 161.000000
0.004896 165.000000
0.004762 64.000000
0.004752 108.000000
0.004690 84.000000
0.004669 138.000000
0.004651 100.000000
0.004599 48.000000
0.004596 157.000000
0.004536 156.000000
0.004534 23.000000
0.004479 53.000000
0.004466 137.000000
0.004435 139.000000
0.004399 27.000000
0.004343 176.000000
0.004262 132.000000
0.004258 66.000000
0.004233 144.000000
0.004185 40.000000
0.004170 97.000000
0.004168 71.000000
0.004141 129.000000
0.004070 37.000000
0.004047 41.000000
0.004042 35.000000
0.003960 6.000000
0.003888 25.000000
0.003877 168.000000
0.003828 89.000000
0.003803 38.000000
0.003779 133.000000
0.003711 105.000000
0.003708 80.000000
0.003662 114.000000
0.003601 68.000000
0.003565 117.000000
0.003563 34.000000
0.003524 14.000000
0.003422 143.000000
0.003422 163.000000
0.003361 145.000000
0.003352 122.000000
0.003326 42.000000
0.003292 31.000000
0.003286 180.000000
0.003152 120.000000
0.003034 21.000000
0.003023 8.000000
0.003008 134.000000
0.002923 88.000000
0.002861 87.000000
0.002853 90.000000
0.002828 148.000000
0.002796 141.000000
0.002771 101.000000
0.002746 54.000000
0.002723 44.000000
0.002698 154.000000
0.002694 2.000000
0.002694 57.000000
0.002602 103.000000
0.002585 9.000000
0.002529 85.000000
0.002413 92.000000
0.002408 174.000000
0.002395 77.000000
0.002310 126.000000
0.002296 162.000000
0.002264 149.000000
0.002252 116.000000
0.002204 67.000000
0.002171 123.000000
0.002171 171.000000
0.002159 13.000000
0.002124 10.000000
0.002081 61.000000
0.002045 160.000000
0.001901 170.000000
0.001834 181.000000
0.001767 12.000000
0.001756 110.000000
0.001715 36.000000
0.001715 173.000000
0.001668 51.000000
0.001668 147.000000
0.001544 146.000000
0.001537 28.000000
0.001533 152.000000
0.001527 95.000000
0.001487 164.000000
0.001487 98.000000
0.001476 121.000000
0.001468 111.000000
0.001405 113.000000
0.000824 179.000000
0.000824 18.000000
0.000824 20.000000
0.000824 172.000000
0.000824 177.000000
0.000824 32.000000
0.000824 33.000000
0.000824 4.000000
0.000824 135.000000
0.000824 47.000000
0.000824 49.000000
0.000824 136.000000
0.000824 59.000000
0.000824 86.000000
0.000824 93.000000
0.000824 159.000000
0.000824 158.000000
0.000824 151.000000
0.000824 150.000000
0.000824 119.000000
0.000824 43.000000
0.000824 0.000000
